88 21056 8233
107 1 436 1 448 2 762 1 1047 1 1068 1 1478 2 1770 1 2117 1 2138 3 3017 1 3160 1 3168 1 3538 1 3643 1 3661 2 3705 1 3812 1 3996 1 4003 2 4049 2 4249 1 4266 1 4366 1 4381 1 4383 3 4421 1 4720 1 4745 5 5017 2 5180 1 5210 1 5248 2 5462 1 5684 1 5725 1 5916 1 6027 1 6328 2 6440 2 6516 1 6917 1 6988 1 7028 1 7061 1 7227 4 7504 1 7631 1 8149 1 8191 1 8283 1 8722 1 8885 1 9109 1 9144 1 9173 1 9604 1 9826 4 10004 1 10017 1 10135 1 10139 1 10217 1 10424 1 10531 1 10570 1 10595 1 10638 1 10646 3 10754 1 11017 1 11054 1 11155 1 11300 1 11387 1 11639 1 11748 10 11905 3 11992 1 12473 1 12548 2 12575 1 12661 1 12732 1 12769 2 12942 6 13001 2 13205 1 13402 1 13568 2 13758 1 13835 1 13895 3 13940 1 14154 1 14398 1 14553 1 14640 1 14710 1 14800 9 14844 1 15056 1 15101 1 15157 1 15342 1 15402 1 15418 1 15678 1 15794 1 15987 1 15988 2 16205 1 16336 1 16408 1 16653 1 17233 2 17396 1 17510 1 17563 1 17603 2 17663 1 17691 1 18163 2 18785 2 18813 1 18835 1 19040 1 19107 1 19112 2 19172 1 19353 1 19705 2 19875 2 19942 1 19957 1 19994 1 20412 2 20446 1 20698 1 20753 1 20808 1 20831 2 20850 1 21054 1 
31 1 567 1 599 1 1068 1 2108 1 2485 1 2730 1 2844 1 5314 2 5317 1 5412 1 6328 1 6516 1 6870 2 6982 1 7227 1 8086 1 8934 1 9339 1 9427 1 9604 1 9608 1 9826 1 10646 1 11748 5 12548 3 12575 1 12942 1 14163 1 14640 1 14678 1 14800 1 15030 2 15397 1 15740 1 15989 1 16387 1 16447 1 16798 1 18163 1 18431 1 19705 1 19713 2 19957 2 20097 1 20132 1 20808 1 21021 1 21056 1 
283 1 448 1 776 1 1068 2 1420 1 2109 1 2138 1 2207 1 2419 1 2571 1 2611 1 3160 2 3168 5 3426 1 3615 1 3831 1 4183 1 4745 2 4796 1 5029 1 5179 1 5285 1 5753 1 5862 1 6079 1 6184 1 6525 1 6917 2 7155 1 7536 1 7631 2 8116 1 8411 1 8545 1 8634 1 9826 2 9997 1 10298 1 10728 1 11127 1 11155 1 11300 2 11308 1 11527 1 11708 1 11896 1 11905 1 11998 1 12035 1 12357 2 12575 1 12628 2 12942 4 13091 2 13299 1 13590 1 13961 1 14182 1 14268 1 14521 1 14800 7 15029 1 15897 1 15988 1 16291 1 16393 1 17275 1 18163 1 18735 1 18785 1 19448 1 19820 1 20047 1 21054 1 
599 1 2312 1 3168 2 3467 1 5029 1 5314 1 6562 1 8934 1 9339 1 9826 1 11748 4 12013 1 12548 1 13337 1 13368 1 13528 1 13568 2 14640 1 14800 1 14982 1 15577 1 15947 1 16291 1 17058 1 17396 1 17691 1 18163 2 21056 1 
471 1 776 1 789 1 820 1 1329 1 1657 1 2370 1 2384 1 2549 1 3010 1 3168 2 3193 1 3908 1 4474 1 4745 3 5176 1 5567 1 6153 1 6525 2 7105 1 7155 1 7855 1 7907 1 8116 1 8608 2 8612 1 8634 1 8954 2 9144 2 9318 1 10189 1 10594 2 10728 1 11748 4 11905 1 12942 1 13086 2 13193 3 13205 1 13568 1 14666 1 14800 2 14870 1 15101 1 15606 1 15956 1 16043 1 16389 1 16408 2 16895 1 17691 2 18101 2 18163 1 18192 1 18624 2 18785 1 19939 1 19994 1 20808 2 20817 1 21054 1 
173 1 4383 2 4745 1 5248 2 9826 1 11905 1 12628 1 12942 1 13544 1 17113 1 18163 1 18785 1 21052 1 
173 3 193 1 355 1 434 1 755 3 776 1 849 1 1026 1 1044 1 1047 2 1225 5 1275 1 1326 2 1385 1 1413 1 1447 1 1478 1 1569 1 1574 1 1657 3 1690 1 1697 1 1840 2 1914 1 2108 1 2138 2 2370 1 2419 1 2473 1 2480 1 2549 1 2636 1 2637 2 3010 1 3017 2 3024 1 3168 12 3200 1 3218 1 3286 1 3289 1 3292 1 3366 1 3419 4 3426 3 3472 1 3532 1 3605 1 3621 1 3745 2 3777 1 3919 3 3999 1 4127 1 4253 1 4338 2 4403 4 4457 2 4474 1 4738 2 4745 5 4750 1 4878 1 4898 1 5017 1 5029 3 5210 1 5226 1 5421 1 5567 3 5716 1 5753 1 5916 1 6050 1 6100 2 6153 1 6223 1 6309 6 6346 1 6525 1 6562 2 6685 1 6737 1 6757 1 6769 1 6773 1 6821 1 6917 1 7105 3 7169 1 7496 2 7530 1 7536 1 7639 1 7855 2 7875 1 7956 2 8000 1 8109 5 8116 1 8145 1 8189 1 8212 1 8283 1 8313 1 8318 1 8400 1 8411 2 8454 1 8545 2 8599 1 8608 1 8612 2 8634 1 8671 1 8700 1 8863 2 8902 1 8938 1 8945 1 8954 5 9109 1 9243 1 9301 3 9318 1 9336 2 9604 1 9826 10 10004 2 10029 1 10041 1 10142 1 10304 1 10424 1 10441 1 10447 1 10531 4 10542 1 10594 1 10638 1 10646 4 10754 1 10909 1 10959 1 11128 1 11245 1 11308 2 11453 1 11492 1 11499 1 11527 1 11595 2 11639 7 11748 11 11785 1 11797 1 11858 1 11905 3 11936 2 11971 1 11992 2 12185 1 12208 2 12343 1 12349 1 12367 1 12661 1 12732 1 12769 1 12790 1 12833 1 12942 8 13012 2 13028 1 13091 1 13156 1 13205 12 13211 1 13239 1 13429 1 13467 1 13528 1 13544 1 13556 1 13568 1 13602 1 14182 1 14268 2 14365 2 14386 1 14615 1 14641 1 14747 1 14775 1 14800 13 14947 1 15050 1 15056 1 15058 1 15101 3 15342 1 15490 2 15508 3 15550 1 15580 1 15596 2 15633 3 15785 3 15925 2 16012 2 16051 2 16389 1 16433 1 16454 1 16543 1 16635 1 16653 1 16798 1 16801 1 16812 1 16895 1 17002 1 17036 1 17154 1 17361 1 17396 3 17478 1 17496 1 17623 2 17642 2 17691 1 17752 1 17754 1 17759 1 17870 1 17935 3 18061 1 18101 5 18163 2 18250 1 18514 1 18785 8 18800 2 18835 2 18857 1 18860 1 18866 1 19112 4 19120 1 19366 1 19374 1 19430 1 19479 1 19499 1 19585 1 19713 3 19892 1 19899 4 19957 2 19994 11 20038 1 20083 2 20185 2 20341 1 20376 1 20404 1 20412 2 20481 3 20538 1 20550 1 20626 2 20808 2 21045 1 21054 1 
18 1 91 2 166 1 337 1 471 1 599 1 876 1 1047 1 1246 1 1450 1 1770 1 2144 2 2150 1 2235 1 2295 1 2394 1 2603 1 2959 1 3077 3 3090 1 3114 1 3168 1 3426 1 3642 1 3657 1 4074 2 4422 1 4599 2 4835 1 5256 1 5355 1 6303 1 6524 1 7340 1 7492 1 7784 2 7978 1 8134 2 8248 1 8348 2 8405 1 8440 1 8494 2 8599 1 9677 2 9682 1 9722 2 9826 1 10018 1 10077 1 10131 1 10212 1 10217 1 10343 1 10881 1 10923 1 11112 1 11150 1 11748 3 11905 1 11975 2 12172 1 12641 1 13429 1 13573 1 13590 1 14289 4 14365 1 14553 2 15050 1 15494 1 15622 2 16035 1 16043 1 16831 1 17332 3 18084 1 18107 4 18163 1 18375 3 18672 1 18766 1 19875 1 19939 1 19957 1 20418 1 20708 1 20831 1 21018 1 21053 1 
78 2 144 2 173 1 439 2 642 1 1068 2 2144 1 2703 2 3426 1 3480 1 6007 2 7671 2 9670 1 9677 1 9722 1 9826 1 10018 2 10139 1 10146 1 11374 1 11624 2 12400 1 12628 2 13224 1 14365 1 14473 1 15758 1 17113 1 17777 1 17787 1 18162 1 18199 1 19049 1 19875 2 21052 1 
1918 1 3474 1 3480 1 6346 1 6375 1 7146 1 7275 1 7633 1 8354 1 8954 1 9677 1 9826 2 9962 1 10296 1 11054 1 11445 1 11639 1 12672 1 14800 1 17719 1 18302 1 18785 1 19000 1 19164 1 19697 2 19867 1 19875 3 20210 1 20214 1 21056 1 
50 2 105 1 251 1 286 1 305 1 337 2 391 1 407 1 469 1 471 1 546 1 582 2 599 1 734 2 844 1 849 1 851 1 904 3 968 2 980 1 1028 11 1068 2 1163 1 1218 1 1276 1 1322 1 1326 1 1364 1 1398 1 1428 1 1449 1 1478 1 1482 1 1525 1 1774 1 1783 1 1809 1 1875 1 2063 1 2118 2 2138 1 2144 1 2186 1 2380 1 2419 2 2482 3 2531 4 2648 1 2665 1 2777 1 2799 2 2837 1 2860 2 3078 1 3160 5 3168 1 3322 1 3398 1 3406 1 3518 2 3532 1 3546 1 3621 1 3624 1 3937 5 3938 1 3963 1 3968 1 3995 1 4038 1 4074 1 4109 1 4160 1 4180 2 4189 1 4366 1 4407 1 4437 1 4624 1 4628 1 4662 1 4745 2 4768 1 4796 1 4835 1 4901 3 4943 1 5029 1 5056 1 5140 1 5210 1 5235 1 5243 1 5256 5 5302 1 5314 1 5412 3 5421 1 5430 1 5454 1 5488 1 5494 1 5518 1 5621 1 5691 3 5709 2 5774 1 5918 1 5967 1 6007 1 6186 1 6200 1 6217 1 6220 5 6223 2 6349 1 6438 1 6440 1 6524 1 6543 1 6560 1 6591 1 6632 1 6687 1 6886 1 6911 3 6962 1 6974 1 7048 1 7105 1 7155 1 7189 1 7194 1 7224 1 7227 4 7275 1 7340 1 7389 4 7394 1 7419 3 7595 1 7631 9 7641 1 7643 1 7671 1 7789 3 8086 1 8114 1 8134 1 8192 1 8228 1 8286 1 8288 1 8370 1 8411 2 8459 1 8494 1 8510 2 8591 1 8594 1 8599 2 8608 3 8621 1 8685 1 8722 2 8724 1 8729 3 8785 1 8895 1 9017 2 9149 1 9198 1 9238 1 9348 1 9357 2 9420 1 9432 2 9492 1 9513 1 9520 1 9580 2 9722 1 9826 3 9849 1 9920 1 10095 2 10131 2 10157 2 10189 2 10212 2 10321 1 10324 1 10343 1 10441 1 10442 1 10475 1 10497 1 10531 3 10543 2 10566 1 10580 1 10638 2 10646 3 10672 1 10719 1 10825 1 10854 3 10956 1 10963 2 11047 1 11098 1 11125 1 11147 1 11155 2 11209 3 11300 9 11308 1 11355 1 11415 1 11445 1 11464 1 11594 1 11748 9 11905 2 11936 3 11998 1 12078 1 12132 1 12196 1 12208 1 12308 1 12496 2 12514 1 12546 1 12548 1 12661 1 12704 1 12732 2 12739 1 12769 2 12826 1 12867 1 12878 1 12942 2 12982 1 12987 1 13016 4 13049 1 13091 1 13104 1 13205 4 13276 1 13334 2 13337 2 13382 1 13568 1 13633 1 13783 1 13835 1 13944 1 14016 1 14141 1 14174 1 14175 1 14365 1 14592 3 14710 1 14730 1 14755 1 14800 11 14860 1 14982 1 15176 2 15342 1 15397 2 15418 1 15487 1 15558 1 15598 1 15622 1 15642 1 15643 1 15740 1 15831 1 15848 1 15889 1 15907 1 15923 2 15956 1 15988 1 15989 1 16012 2 16046 1 16063 2 16123 1 16152 1 16266 1 16267 1 16291 1 16295 1 16339 1 16381 1 16408 1 16433 1 16447 1 16517 6 16577 2 16692 1 16788 1 16859 4 16895 1 17018 1 17044 1 17050 1 17147 1 17151 1 17271 3 17396 1 17478 2 17603 1 17683 1 17691 2 17752 1 17851 1 17896 1 17944 2 17966 1 18073 1 18107 1 18146 1 18163 2 18191 1 18199 1 18278 4 18367 1 18376 1 18383 1 18431 1 18432 4 18655 1 18785 2 18888 1 18939 3 19030 1 19049 1 19185 2 19285 1 19312 1 19331 1 19333 1 19338 1 19341 1 19366 1 19413 2 19697 1 19713 1 19875 3 19897 9 19899 1 19939 1 19942 2 19957 1 19963 1 19994 4 20097 2 20308 1 20379 1 20446 4 20481 1 20527 3 20675 1 20764 1 20786 1 20831 1 20850 1 20987 1 21021 1 21053 1 
18 1 28 1 261 2 469 1 471 1 599 1 629 3 692 3 789 2 876 1 1047 1 1218 1 1377 1 1450 1 1471 1 1770 6 1809 1 1875 1 2045 2 2118 1 2144 1 2230 1 2235 1 2394 6 2601 2 2603 1 2665 1 2959 1 3523 2 3546 1 3605 1 3642 1 3657 1 4038 3 4074 1 4176 1 4206 1 4383 2 4574 1 4599 1 4624 1 4629 1 4677 1 4745 1 4835 1 4903 1 5210 1 5235 1 5243 1 5256 3 5621 1 5871 1 5967 1 6303 1 6524 1 6698 1 7144 1 7394 1 7505 1 7978 7 8134 1 8248 1 8286 1 8348 2 8397 1 8599 2 8722 2 9037 1 9336 1 9513 1 9677 1 9722 1 9849 1 10018 1 10131 2 10212 1 10343 3 10376 2 10385 1 10638 2 10646 1 10870 3 10886 1 10923 1 10956 1 11047 1 11112 1 11143 1 11155 2 11355 1 11415 1 11464 1 11639 1 11748 3 11905 1 11936 2 11975 2 12172 1 12308 1 12349 1 12704 1 12878 1 12942 2 13007 6 13091 1 13105 1 13192 1 13205 3 13429 1 13573 1 13835 1 14015 1 14174 2 14365 2 14381 1 14553 2 14592 4 14601 1 14755 2 14800 3 15156 2 15342 1 15622 2 15854 1 15977 1 16012 1 16043 2 16046 1 16054 1 16513 6 16788 1 17096 1 17332 2 17739 1 17840 1 18107 2 18163 3 18376 1 18431 2 18672 1 18766 1 18785 6 19740 1 19875 1 19883 2 19897 1 19994 3 20113 2 20350 1 20379 1 20480 1 20481 2 20831 1 20850 1 20942 1 21018 1 21053 1 
469 1 471 1 599 1 876 1 1047 1 1218 1 1450 1 1770 5 1875 1 2118 1 2144 1 2235 1 2394 1 2959 1 3546 1 3642 1 3657 1 4074 1 4599 1 4624 1 4745 1 4835 1 5210 1 5235 1 5256 1 5621 1 5967 1 6303 1 6524 1 7394 1 7978 1 8134 1 8248 1 8286 1 8348 2 8599 2 8722 2 9513 1 9677 1 9722 1 9849 1 10018 1 10212 1 10343 4 10638 2 10923 1 11047 1 11112 1 11355 1 11464 1 11748 2 11905 1 11936 2 11975 2 12172 1 12308 1 12942 1 13205 3 13429 1 13573 1 13835 1 14174 1 14365 2 14553 2 14800 3 15342 1 15622 2 16012 1 16043 1 16788 1 17332 2 18107 1 18163 2 18376 1 18672 1 18766 1 19875 1 19994 3 20481 1 20831 1 20850 1 21018 1 21053 1 
67 1 164 1 173 5 193 1 391 1 471 2 497 1 755 2 776 2 1044 1 1047 4 1218 1 1225 5 1275 1 1326 1 1447 1 1478 1 1559 1 1569 1 1574 1 1649 1 1657 2 1690 1 1697 1 1770 1 1775 2 1839 1 1840 2 1875 1 1914 1 2117 1 2118 1 2138 4 2171 1 2370 1 2480 1 2549 1 2637 1 3010 1 3017 3 3168 13 3200 1 3218 1 3289 1 3292 1 3347 1 3419 4 3426 4 3472 1 3532 1 3546 1 3621 2 3657 1 3745 2 3919 1 3969 1 3994 1 3999 1 4044 2 4074 1 4148 2 4253 1 4338 2 4403 6 4437 1 4457 2 4474 1 4548 1 4624 1 4745 1 4750 1 4768 1 4878 2 4898 1 5171 3 5210 1 5226 1 5235 1 5256 1 5314 1 5421 1 5567 3 5621 2 5753 1 5810 1 5874 1 5901 1 5916 1 5967 1 6050 1 6056 1 6100 2 6153 1 6182 1 6223 1 6292 1 6333 1 6562 1 6685 1 6737 1 6769 1 6773 1 6821 1 6917 1 7049 1 7105 3 7148 1 7169 1 7227 1 7394 1 7496 2 7536 1 7633 3 7717 1 7855 3 7956 2 8000 1 8109 3 8134 2 8189 1 8212 1 8248 1 8283 1 8286 1 8313 1 8318 1 8399 1 8400 1 8411 2 8599 1 8608 1 8700 1 8722 2 8827 1 8863 1 8938 1 8945 1 8954 5 9109 1 9166 1 9174 1 9243 1 9301 3 9310 1 9336 1 9368 2 9513 1 9604 1 9677 1 9826 10 9849 1 10004 2 10018 1 10041 1 10049 1 10139 1 10142 1 10296 1 10304 1 10424 1 10447 1 10531 3 10638 2 10646 5 10754 2 10909 1 10959 1 11047 1 11128 1 11155 1 11245 1 11308 2 11315 1 11355 1 11387 1 11415 2 11453 2 11464 1 11492 1 11499 1 11595 2 11639 6 11652 1 11660 1 11748 10 11785 2 11905 2 11936 3 11941 1 11971 1 11975 1 11992 2 12035 1 12196 1 12208 2 12343 2 12349 1 12367 1 12628 2 12651 1 12690 1 12732 1 12739 1 12769 2 12942 8 13001 3 13012 2 13119 1 13156 1 13205 16 13239 1 13279 1 13337 2 13467 2 13544 1 13568 1 13590 1 13835 1 13988 1 14174 1 14289 1 14328 1 14365 2 14386 1 14615 1 14640 1 14703 2 14710 1 14747 1 14775 1 14800 22 14807 1 14947 1 15022 4 15050 3 15101 3 15342 1 15490 2 15508 1 15550 1 15596 2 15633 3 15754 2 15825 1 15925 2 15947 1 15988 1 16012 2 16014 1 16043 1 16051 3 16074 1 16131 5 16291 1 16336 1 16433 1 16543 1 16547 1 16635 1 16674 1 16692 1 16739 1 16788 1 16798 1 16801 1 16812 2 16895 1 17002 1 17147 1 17361 1 17368 1 17396 2 17478 1 17496 1 17707 1 17754 1 17845 2 17870 1 18001 1 18061 1 18101 5 18163 2 18250 1 18376 1 18514 3 18672 2 18766 1 18785 7 18800 2 18835 2 18857 1 18860 1 18866 1 18875 2 18907 1 19112 3 19120 1 19347 1 19366 1 19430 1 19499 2 19605 1 19705 2 19713 2 19871 1 19875 1 19892 1 19899 1 19957 1 19994 14 20047 1 20083 2 20097 2 20185 1 20216 1 20412 2 20481 1 20626 2 20831 1 20850 1 20987 2 21054 1 
50 1 173 1 261 1 471 2 497 1 1770 2 2138 1 2394 1 2599 1 3160 3 3657 1 3994 1 4009 1 4038 1 4044 1 4148 1 4383 2 5223 1 5256 1 5314 1 5593 1 5621 1 5657 1 7631 3 7901 1 7978 1 8109 1 8134 2 8248 1 9368 1 10018 1 10875 1 11150 2 11155 3 11300 3 11415 2 11671 1 11748 1 12196 1 12628 2 12942 1 13334 1 14755 1 14800 2 15369 1 15825 1 15988 3 16043 1 16692 1 18163 1 18672 2 18766 1 19705 1 19875 1 19897 3 19899 1 19957 2 21053 1 
1028 1 10897 1 11155 1 17016 1 17396 1 21055 1 
434 1 541 1 3168 1 5913 1 10298 2 11155 1 14800 2 18373 1 21052 1 
434 1 12628 1 13378 1 14473 1 21052 1 
248 1 434 1 471 1 1028 1 1037 1 1218 1 1328 1 1402 1 1875 1 2045 1 2118 1 2457 1 2931 1 2998 1 3040 1 3112 1 3119 1 3160 2 3426 1 3546 1 4074 1 4180 2 4375 1 4624 1 4745 2 5126 1 5210 1 5235 1 5351 1 5594 1 5621 1 5750 1 5946 1 5967 1 6440 1 6672 1 7227 1 7295 1 7394 1 7475 1 7631 2 7811 1 8286 1 8342 2 8599 1 8722 2 9059 1 9173 1 9513 1 9668 1 9776 1 9849 1 9989 1 10029 1 10219 1 10638 2 10728 1 10936 1 11047 1 11300 2 11355 1 11464 1 11842 1 11895 1 11896 1 11905 3 11936 2 11979 1 12045 1 12076 1 12546 1 12942 1 13007 1 13205 3 13277 1 13334 2 13568 2 13835 1 13857 1 14174 1 14365 1 14467 1 14592 2 14737 1 14800 4 14871 1 15156 1 15342 1 15372 1 15861 1 15988 1 16012 1 16063 1 16282 1 16291 1 16513 1 16788 1 17146 1 17478 1 17636 1 17707 1 18376 1 18785 1 19112 1 19448 1 19897 1 19994 3 20239 1 20481 1 20850 1 20979 1 21053 1 
173 10 261 2 264 1 367 1 391 1 394 2 434 5 448 1 471 2 497 1 582 2 642 2 849 4 886 2 916 3 1098 2 1149 3 1218 1 1284 1 1326 4 1377 1 1434 1 1443 1 1500 1 1574 1 1770 3 1776 1 1875 1 2118 1 2138 2 2326 1 2539 2 2695 1 2717 1 2754 1 3010 1 3078 1 3168 9 3212 1 3426 3 3523 2 3538 1 3546 1 3621 1 3657 1 3705 1 3994 2 4044 3 4074 1 4132 3 4148 1 4383 3 4439 1 4470 6 4554 2 4624 1 4719 1 4725 1 4745 1 4766 1 4786 2 4849 1 4898 1 4918 1 5029 11 5171 2 5210 1 5235 1 5256 1 5263 1 5285 1 5314 1 5336 1 5347 1 5412 5 5587 2 5621 2 5725 1 5870 1 5911 2 5941 2 5967 1 6007 3 6179 1 6191 1 6379 1 6534 1 6562 1 6563 1 6591 4 6645 1 6796 1 6846 1 6889 1 6906 1 6917 1 6931 1 6988 1 7133 1 7139 2 7226 1 7287 1 7340 3 7368 2 7394 1 7466 1 7492 2 7536 2 7554 1 7808 1 7857 1 7959 1 8038 4 8109 1 8134 4 8166 1 8227 2 8232 1 8248 1 8286 1 8318 1 8358 1 8393 4 8399 1 8400 2 8412 1 8510 2 8522 1 8599 1 8612 1 8722 2 8781 2 8863 2 8888 1 8902 11 8911 1 8912 1 8978 1 9089 1 9149 1 9279 1 9368 1 9513 1 9604 1 9638 1 9659 3 9826 9 9849 1 9855 1 10018 1 10139 1 10192 1 10321 1 10531 10 10638 2 10646 10 10761 1 10828 1 10886 1 10912 1 10933 2 11047 1 11062 1 11112 1 11131 1 11155 6 11355 1 11399 2 11415 2 11432 2 11464 1 11544 1 11656 1 11748 18 11858 3 11905 1 11936 2 11937 1 12013 1 12132 1 12196 1 12357 1 12370 2 12413 1 12548 1 12628 24 12657 1 12679 4 12942 1 13138 1 13186 1 13205 3 13224 3 13337 1 13525 1 13528 1 13556 1 13590 1 13835 1 13879 1 13895 1 14008 1 14062 1 14174 1 14326 2 14365 1 14473 2 14521 1 14553 1 14584 2 14800 11 14982 1 15029 2 15055 4 15056 1 15075 1 15150 1 15342 1 15388 1 15418 5 15450 1 15487 1 15508 1 15633 4 15669 1 15710 1 15754 1 15825 1 15851 1 15947 1 15988 2 16006 1 16012 1 16043 1 16046 1 16059 1 16063 1 16208 1 16266 1 16285 1 16291 2 16339 1 16554 1 16577 2 16692 1 16788 1 16798 1 16810 1 16840 2 16963 1 17233 1 17362 1 17379 4 17396 6 17565 2 17582 1 17603 5 17652 2 17700 1 17736 1 17752 6 17885 1 18073 1 18093 1 18130 1 18163 3 18376 1 18431 2 18475 1 18573 1 18672 2 18766 1 18891 1 18918 1 19045 1 19049 2 19172 2 19338 1 19697 1 19705 4 19875 1 19897 1 19899 3 19994 3 20090 1 20094 1 20193 2 20379 1 20446 1 20473 2 20481 1 20625 1 20633 1 20693 2 20729 2 20750 1 20831 1 20850 1 21000 1 21052 1 
471 1 1770 1 3657 1 5256 1 8134 1 8248 1 10018 1 11748 1 16043 1 18163 1 18672 1 18766 1 19338 1 19713 1 19875 2 21053 1 
18431 1 19875 1 21056 1 
1028 1 1326 1 2723 1 4102 1 4206 1 5215 1 5328 1 7641 1 8235 2 8543 1 11445 1 14544 1 14800 1 16517 1 19478 1 21055 1 
18278 1 18431 1 19875 2 21056 1 
1028 1 3937 1 4206 1 7671 1 8228 1 9103 1 9432 1 10385 1 11013 1 12078 1 14800 1 16206 1 16831 1 16995 1 17018 1 18107 1 18278 1 18785 1 19585 1 21055 1 
8400 1 18725 1 19697 1 19875 1 21056 1 
4322 1 8608 2 14418 1 14800 1 21054 1 
173 1 2799 1 6591 1 7671 2 8510 1 9484 1 11584 1 11620 1 12132 1 12628 1 12894 1 13568 1 14635 1 15889 1 18278 1 19875 2 21052 1 
1068 1 1218 1 1875 1 2118 1 2645 1 3237 1 3546 1 3737 1 4074 1 4624 1 4719 1 4745 1 5210 1 5235 1 5621 1 5865 1 5967 1 7394 1 7671 1 8286 1 8510 1 8599 1 8722 2 9370 2 9513 1 9826 1 9849 1 9853 1 10018 1 10638 2 11047 1 11355 1 11464 1 11905 1 11936 2 12349 1 12769 1 12942 1 13205 3 13835 1 14174 1 14365 1 14800 4 15342 1 16012 1 16788 1 17018 1 17221 1 18199 1 18250 1 18376 1 18442 2 19994 3 20214 1 20481 1 20850 1 21053 1 
105 1 391 1 428 1 469 1 515 1 702 1 723 1 787 1 875 1 1041 1 1047 1 1068 1 1251 1 1275 1 1370 1 1417 1 1478 1 1697 1 1698 1 1889 1 2028 1 2138 1 2366 1 2648 1 2768 1 2819 1 3160 1 3168 3 3212 1 3232 1 3406 1 3426 2 3486 1 3538 1 3546 1 3657 2 3943 2 4003 1 4074 1 4109 1 4346 1 4407 3 4437 1 4740 1 5029 2 5180 1 5210 1 5851 1 6027 1 6102 1 6112 4 6223 4 6274 1 6328 1 6332 2 6440 2 6765 1 7095 1 7105 1 7148 1 7456 1 7504 3 8227 1 8335 1 8399 1 8411 1 8468 1 8543 1 8566 1 8585 1 8591 1 8648 1 8722 2 8954 3 8981 2 8998 1 9144 1 9301 1 9353 1 9495 1 9855 1 9969 1 10004 1 10017 1 10139 1 10217 1 10289 1 10343 1 10531 2 10669 2 10996 1 11054 1 11112 1 11128 1 11155 2 11214 1 11432 1 11748 4 11936 1 11937 1 11992 1 12132 1 12196 1 12661 1 12699 1 12732 2 12769 1 12850 1 13205 2 13368 1 13402 1 13572 1 13700 1 13799 1 13818 1 13867 1 13895 1 13899 1 13940 1 14141 1 14365 1 14402 2 14429 1 14640 2 14800 23 15029 2 15056 1 15085 1 15101 1 15141 1 15213 1 15358 1 15606 1 15754 1 15832 1 15835 1 15870 1 15872 1 15957 1 15988 1 16012 1 16018 1 16048 5 16051 1 16205 1 16267 1 16408 2 16432 1 16522 1 16577 1 16733 1 16798 1 16946 1 17006 1 17124 1 17233 2 17271 1 17311 1 17506 1 17603 1 17663 1 17691 2 17995 1 18061 1 18163 1 18427 1 18431 1 18432 1 18514 1 18672 1 18813 1 19027 1 19049 1 19112 3 19330 1 19705 5 19875 1 19957 1 19994 2 20375 1 20753 1 20831 1 20850 1 21054 1 
391 1 451 1 599 1 5017 1 6525 1 8399 1 8954 1 10135 1 10531 1 10669 1 11155 1 19875 2 20097 1 21056 1 
72 1 451 1 471 1 497 1 541 1 776 2 787 2 833 1 837 1 882 1 929 1 1047 1 1703 2 1911 1 1973 1 2095 1 2109 1 2312 1 2457 1 2769 1 3168 14 3426 2 3831 1 3994 1 4152 1 4310 1 4437 1 4745 5 4793 1 4796 1 4918 1 4927 1 5017 1 5029 2 5171 1 5180 1 5274 1 6328 1 6525 3 6614 2 6765 1 6937 1 7095 1 7105 1 7155 2 7248 1 7260 2 7536 1 7943 1 8575 1 8591 1 8608 1 8671 2 8954 1 9301 1 9318 1 9677 1 9826 2 10131 2 10139 1 10298 2 10385 1 10511 1 10531 1 10728 1 11110 1 11297 1 11445 1 11748 3 11858 1 11896 2 11936 1 12035 1 12341 1 12388 1 13036 1 13091 2 13142 1 13799 1 13802 2 14268 1 14365 1 14800 8 15029 2 15108 1 15176 3 15402 1 15754 1 15956 1 15960 1 15987 1 16048 5 16061 1 16544 1 16577 1 16882 1 16895 1 17506 1 17520 1 17663 1 17740 2 18101 1 18163 2 18432 4 18735 1 19112 1 19133 1 19144 1 19347 1 19448 4 19819 1 19957 1 20611 2 20746 1 21054 1 
820 1 2823 1 3168 2 6309 1 11748 2 12628 1 12790 1 17396 1 19899 1 21052 1 
50 3 185 1 193 1 407 1 469 1 546 1 755 1 849 1 968 3 1218 1 1222 1 1276 1 1326 1 1413 1 1657 1 1703 1 2380 1 2473 1 2648 1 2665 2 3024 1 3078 1 3160 1 3168 1 3286 1 3366 1 3532 1 3538 2 3605 1 3777 1 3919 3 4127 1 4437 1 4738 1 4745 2 4768 1 4796 1 4863 2 5017 1 5187 1 5210 2 5412 2 5421 1 5965 1 6007 1 6112 1 6346 1 6438 1 6440 2 6525 2 6543 1 6560 1 6632 1 6703 1 7097 1 7105 1 7194 1 7224 1 7375 1 7419 3 7875 1 8109 3 8114 1 8288 1 8440 1 8494 1 8599 1 8608 1 8671 1 8685 1 8733 1 8863 1 8895 1 8954 1 9144 1 9238 1 9318 1 10114 1 10272 1 10324 1 10441 1 10475 1 10477 1 10531 1 10580 1 10638 1 10646 1 10963 2 11043 1 11047 1 11062 1 11081 1 11098 1 11308 1 11620 1 11639 2 11748 2 11797 1 11936 2 11998 1 12132 1 12208 1 12661 1 12739 1 12987 1 13205 4 13211 1 13218 2 13276 1 13429 2 13556 1 13633 1 13818 1 13895 1 14016 2 14263 1 14800 7 15023 1 15056 1 15213 3 15489 1 15508 1 15580 1 15848 1 15923 2 16012 2 16048 1 16063 1 16123 1 16152 1 16247 1 16266 1 16393 1 16408 1 16454 1 16603 1 16724 1 17154 1 17478 1 17494 1 17571 1 17642 2 17683 1 17740 1 17752 1 17759 1 17851 1 17995 1 18101 2 18163 1 18821 1 18866 1 18880 1 19112 1 19285 2 19366 1 19374 1 19413 2 19589 1 19621 2 19697 1 19872 2 19875 1 19899 1 19994 4 20038 1 20341 1 20376 1 20379 1 20481 3 20491 1 20550 1 20647 1 21045 1 21054 1 
64 1 97 1 260 1 436 1 642 1 663 1 719 1 820 1 882 1 1199 1 1328 1 1553 1 2118 1 2133 1 2138 1 2366 1 2717 1 2922 1 2938 1 3160 1 3168 1 3426 1 3538 1 3605 1 3621 1 3657 2 3996 1 4202 1 4361 1 4745 3 5210 1 5235 2 5412 1 6027 1 6112 1 6223 1 6720 1 7227 1 7378 1 7456 1 7536 1 8109 2 8522 2 8545 2 8563 1 8599 1 8612 1 8733 1 8991 1 9348 1 9616 1 9798 1 10139 3 10146 1 10189 1 10343 1 10646 1 10728 1 10759 2 10825 1 11009 1 11138 1 11155 2 11297 1 11371 1 11416 1 11666 1 11748 2 11905 2 11936 1 12035 1 12390 1 12732 2 12769 1 12969 1 13205 2 13568 2 13633 1 13677 2 13753 1 13826 1 13879 1 13940 1 14365 1 14401 4 14402 1 14800 12 14916 1 14947 1 15053 1 15056 2 15870 1 15956 2 15979 1 16012 1 16205 1 16408 1 16577 1 16602 1 16785 1 17139 4 17233 1 17624 1 17752 1 17758 1 18051 1 18073 2 18163 1 18376 1 18431 1 18672 1 18766 1 18888 1 19310 1 19330 1 19398 1 19448 3 19699 1 19705 2 19862 1 19957 1 19994 2 20379 1 20406 2 20412 1 20480 1 20625 2 20932 1 21011 1 21056 1 
2384 1 3553 1 4253 2 10669 1 11745 1 13467 1 14401 1 14775 1 14800 1 17224 1 17603 1 17898 1 18278 1 19619 1 19705 1 19875 2 21056 1 
193 1 507 1 968 1 2024 1 4378 1 4863 1 6112 1 9826 1 11138 2 11748 1 14401 1 14800 2 17471 1 17759 1 18011 1 18316 1 19551 1 20051 1 20412 1 21056 1 
64 1 260 1 436 1 469 1 915 2 1199 1 2312 2 2384 1 2938 1 3474 1 3657 2 3661 1 3963 1 4629 2 4739 2 5210 1 5340 1 5346 1 5369 1 5865 2 6112 1 6223 1 6328 1 6438 1 6720 1 6889 5 7227 1 7643 1 8134 1 8263 4 9149 2 9348 1 9826 2 10139 1 10171 1 10189 1 10343 3 10441 1 10531 1 10580 1 10712 3 10886 2 11411 1 11745 1 11804 1 11936 1 12575 2 13104 1 13205 1 13528 3 13633 1 13753 1 14401 3 14444 1 14592 4 14800 4 15487 1 15498 1 15977 1 16285 1 16602 1 16727 1 16785 1 17054 1 17139 4 17259 1 18376 1 18431 1 18672 1 18706 1 18766 1 18814 1 18874 1 19994 1 20051 3 20625 2 21056 1 
5235 1 6889 1 13528 1 21056 1 
193 1 296 1 507 1 536 1 749 1 968 1 2600 1 4378 1 4758 1 6112 1 6871 1 7251 1 7750 1 9440 1 10520 1 12000 1 12057 1 13668 1 13984 1 14273 1 14401 1 14800 1 16948 1 17027 1 17759 1 18196 1 19551 1 19935 1 20051 1 20697 1 21056 1 
7 1 8 1 43 1 45 1 64 1 193 7 260 1 292 1 372 1 376 1 436 4 445 1 507 1 517 1 567 1 599 2 620 1 640 1 682 1 745 1 761 1 776 1 876 1 941 1 968 5 1047 2 1199 1 1326 3 1409 1 1500 1 1675 1 1698 1 1750 12 1839 1 1927 1 2028 3 2117 2 2118 2 2133 1 2138 3 2157 1 2161 1 2416 1 2457 1 2542 1 2606 1 2938 1 3010 7 3024 3 3053 2 3092 1 3168 3 3217 1 3232 3 3237 1 3366 1 3426 1 3463 2 3480 1 3657 2 3811 1 3943 1 3967 2 4132 1 4160 3 4230 1 4249 2 4253 1 4322 1 4378 1 4381 1 4391 1 4404 2 4618 1 4629 2 4649 3 4650 1 4745 3 4835 2 4850 1 4863 1 4878 1 5210 1 5360 1 5412 1 5570 3 5725 1 5768 1 5807 2 5837 1 5870 1 5880 1 6112 2 6191 1 6303 5 6338 2 6353 3 6516 2 6528 1 6562 1 6591 4 6636 1 6645 1 6720 1 6737 2 6765 1 6798 2 6959 1 7049 1 7192 1 7224 1 7227 6 7250 1 7287 1 7437 1 7438 1 7536 4 7542 1 7546 1 7590 1 7639 1 7652 1 7667 1 7757 1 7798 4 7806 1 7857 3 7956 2 8111 1 8119 1 8165 1 8263 1 8286 1 8296 1 8397 2 8399 8 8404 1 8443 1 8453 1 8527 1 8612 1 8665 1 8688 1 8745 2 8887 1 8936 1 9149 2 9302 1 9321 3 9331 1 9348 1 9368 1 9408 1 9446 1 9484 1 9552 1 9682 1 9722 1 9750 3 9826 4 9997 1 10106 1 10122 1 10123 1 10227 1 10313 1 10321 2 10343 1 10450 1 10531 1 10540 1 10563 1 10570 4 10580 2 10584 1 10674 2 10728 1 10864 1 10869 2 10886 3 10894 1 10910 1 11013 1 11043 2 11046 1 11112 5 11150 1 11155 2 11246 1 11247 1 11398 1 11432 2 11467 1 11555 1 11620 1 11748 25 11798 2 11965 2 11998 1 12013 4 12101 1 12132 2 12208 1 12261 1 12426 2 12497 3 12556 1 12916 1 13036 1 13091 1 13188 3 13205 1 13218 29 13222 1 13224 1 13227 1 13299 1 13337 4 13368 1 13417 1 13428 1 13429 2 13467 2 13568 3 13572 1 13590 1 13633 2 13698 1 13719 1 13753 1 13827 1 13879 4 13940 1 14013 1 14164 1 14264 1 14365 2 14401 5 14402 3 14452 1 14453 1 14592 2 14628 1 14640 1 14747 1 14771 1 14800 7 14927 1 14982 2 15029 2 15050 1 15056 1 15170 1 15187 1 15250 1 15387 1 15418 1 15487 1 15543 2 15815 1 15835 2 15870 3 16046 2 16063 2 16285 3 16288 1 16291 1 16311 1 16336 1 16339 3 16389 2 16408 1 16432 4 16447 2 16583 1 16602 1 16739 1 16785 1 16963 2 17017 1 17096 1 17139 4 17259 1 17351 1 17368 1 17396 1 17425 1 17579 1 17590 1 17603 1 17758 1 17759 1 18001 1 18082 1 18250 1 18267 1 18295 1 18346 1 18367 1 18376 1 18431 4 18646 1 18651 1 18672 1 18740 2 18766 1 18792 1 18918 1 19112 2 19124 1 19129 1 19181 1 19187 1 19225 1 19325 1 19331 1 19348 1 19420 1 19551 1 19605 1 19621 4 19697 1 19705 5 19760 1 19830 1 19872 1 19875 6 19947 2 19994 1 20028 1 20047 1 20051 1 20080 1 20282 1 20373 1 20404 1 20459 1 20514 1 20538 1 20583 1 20625 2 20633 2 20645 1 20786 1 20794 2 20821 1 20831 1 20850 2 20885 1 20971 2 21056 1 
43 1 45 1 151 5 193 6 210 2 251 1 372 1 376 1 436 2 445 1 448 2 517 1 519 1 567 1 599 3 620 1 682 1 745 1 761 1 776 2 876 3 941 1 968 12 1041 3 1047 2 1098 1 1149 1 1218 1 1286 1 1326 2 1334 1 1364 2 1385 1 1449 1 1500 2 1569 1 1605 1 1675 1 1750 13 1889 4 1927 1 2028 1 2050 2 2117 2 2138 3 2161 1 2171 1 2694 1 2717 2 3010 5 3017 1 3053 2 3092 1 3160 1 3232 1 3269 1 3406 1 3463 3 3532 1 3624 2 3635 1 3758 1 3811 1 3943 1 3967 2 3994 4 4129 1 4160 4 4249 1 4322 1 4378 3 4404 2 4570 1 4618 1 4650 1 4678 1 4684 1 4719 2 4739 2 4747 1 4768 1 4799 1 4850 1 4863 1 4899 1 4957 1 5171 1 5189 1 5243 1 5360 3 5412 1 5421 2 5570 3 5768 1 5807 4 5859 1 5879 2 5880 4 6007 7 6010 1 6112 3 6191 11 6223 1 6279 1 6303 5 6338 2 6349 2 6438 1 6457 3 6516 3 6562 2 6591 1 6636 1 6645 1 6765 4 6798 2 6821 1 6959 1 7049 3 7147 2 7165 1 7194 1 7224 1 7350 1 7437 1 7536 5 7542 1 7546 1 7590 1 7618 1 7652 1 7857 3 7956 2 7984 1 8111 1 8134 1 8263 2 8286 3 8288 2 8296 2 8346 1 8358 1 8397 1 8399 2 8400 1 8404 1 8411 1 8510 1 8552 1 8621 1 8665 1 8684 1 8688 1 8745 1 8880 1 8936 1 8978 1 8998 1 9017 1 9067 1 9318 1 9321 3 9331 1 9339 1 9368 1 9408 1 9446 1 9552 1 9682 1 9722 1 9750 2 9798 1 9826 7 9850 1 9855 1 10095 1 10106 1 10139 3 10189 6 10288 1 10321 1 10423 1 10450 2 10563 1 10570 5 10580 2 10632 1 10646 3 10723 1 10864 1 10869 3 10894 1 11013 1 11054 1 11098 1 11128 3 11155 2 11387 1 11398 1 11399 5 11432 3 11467 1 11555 1 11748 42 11798 2 11833 1 11836 1 11936 1 11937 2 11975 1 11998 1 12013 6 12097 1 12101 1 12357 1 12541 1 12548 1 12621 1 12634 1 12651 3 12679 1 12987 1 13138 1 13205 1 13218 27 13222 1 13234 1 13299 1 13337 4 13340 1 13368 1 13417 1 13428 1 13520 1 13534 1 13544 3 13568 5 13590 1 13698 1 13719 1 13765 1 13799 1 13879 2 14164 1 14264 1 14337 1 14365 6 14398 1 14401 3 14402 3 14429 1 14553 1 14592 2 14640 1 14666 1 14675 1 14771 1 14775 2 14800 14 14927 1 14943 1 15170 1 15188 1 15250 1 15356 2 15499 1 15543 2 15835 3 15897 1 15923 1 16012 1 16046 2 16051 2 16063 4 16074 1 16114 1 16285 1 16288 3 16311 1 16312 1 16336 1 16389 2 16432 6 16577 2 16583 1 16693 1 16759 1 16798 1 16812 1 16963 4 17017 1 17096 4 17129 1 17224 2 17307 1 17351 1 17368 1 17396 1 17579 2 17590 1 17714 1 17922 1 18001 2 18082 1 18130 2 18267 1 18278 1 18295 1 18364 1 18367 1 18431 1 18606 1 18646 1 18766 1 18792 1 18875 1 18918 1 19112 1 19181 2 19187 1 19325 1 19331 1 19353 1 19436 1 19605 1 19621 8 19680 1 19702 2 19705 7 19830 1 19838 1 19875 3 19899 3 19947 1 19994 1 20033 1 20080 1 20119 1 20216 2 20248 1 20278 1 20282 1 20373 1 20450 2 20459 1 20480 1 20583 1 20633 2 20645 1 20732 1 20786 1 20794 4 20821 1 20831 3 20850 2 20885 2 20971 3 21056 1 
43 1 64 1 193 7 260 1 367 1 436 2 441 1 507 1 599 1 641 1 711 1 799 1 902 1 915 3 968 1 1044 1 1199 1 1698 1 1891 1 1945 1 2056 1 2118 1 2133 1 2138 1 2263 1 2291 2 2521 1 2571 2 2603 1 2665 1 2776 1 2938 1 3010 2 3168 5 3217 1 3473 1 3657 2 3661 1 3705 1 3958 1 3963 1 4010 1 4253 1 4322 4 4327 1 4378 1 4678 1 4745 2 4927 1 4979 1 5029 1 5210 1 5235 2 5360 1 5386 1 5395 1 5412 2 5681 1 5684 3 5936 3 5968 1 6027 1 6112 2 6309 1 6328 2 6379 1 6457 2 6476 1 6525 3 6720 4 6798 1 6821 1 6838 1 6870 1 6889 2 7105 2 7227 1 7295 1 7369 1 7456 1 7492 1 7984 1 8134 1 8288 1 8411 2 8519 1 8534 2 8638 1 8785 1 8880 1 9149 3 9348 1 9368 1 9586 1 9604 1 9826 2 9855 2 10054 1 10139 1 10343 1 10570 1 10580 1 10604 1 10646 5 10914 3 11013 1 11043 1 11143 1 11155 1 11308 1 11315 1 11492 1 11745 1 11804 1 11905 1 11975 1 11998 5 12196 1 12260 1 12308 1 12380 1 12499 1 12732 1 12769 4 13064 1 13205 1 13337 2 13429 1 13445 1 13467 3 13518 1 13528 1 13534 1 13753 1 13811 1 13879 2 14126 1 14150 2 14365 1 14401 7 14402 1 14592 1 14628 1 14775 1 14800 6 15101 1 15113 1 15136 1 15406 2 15487 3 15622 2 15633 3 15947 1 15956 1 15987 1 15988 1 15989 1 16114 2 16286 1 16291 1 16381 1 16447 1 16602 2 16606 1 16644 1 16739 1 16785 1 16890 1 17004 1 17113 1 17139 4 17271 1 17320 1 17321 1 17379 1 17396 3 17603 1 17704 1 17759 1 18025 1 18084 1 18088 1 18101 1 18239 1 18250 1 18261 2 18270 1 18278 7 18364 1 18376 1 18431 2 18672 1 18766 2 18822 1 18970 1 19112 2 19358 3 19551 1 19564 1 19702 1 19705 2 19875 3 19884 1 19939 2 19994 1 20028 1 20048 2 20051 14 20095 1 20231 1 20305 1 20379 1 20446 6 20611 1 20625 2 20634 2 20808 2 20831 1 21018 1 21056 1 
64 1 260 1 436 1 599 1 842 1 1199 1 1572 3 1889 6 2056 1 2133 1 2384 1 2508 1 2704 1 2938 1 3160 1 3168 2 3232 1 3426 12 3553 1 3657 2 3821 1 4592 1 4649 1 5029 1 5210 1 5248 1 5421 2 5916 1 6112 1 6179 1 6223 1 6720 1 7061 1 7226 1 7287 1 7536 2 8399 2 8510 1 8608 1 8733 1 9017 1 9030 1 9149 1 9348 1 9353 1 10095 1 10139 1 10343 1 10531 2 10570 1 10646 1 10672 1 11155 1 11520 1 11748 3 11804 1 11896 2 11936 1 12009 1 12035 7 12732 1 12734 1 13205 1 13467 2 13544 2 13753 1 13895 1 14401 3 14800 4 14864 1 15029 2 15740 1 16036 1 16123 1 16602 1 16785 1 17139 4 17396 2 17603 1 18001 1 18364 1 18376 1 18448 1 18651 1 18672 1 18766 1 19049 1 19112 1 19545 1 19705 1 19939 3 19957 2 19994 1 20097 1 20625 2 20831 1 21056 1 
3010 1 4383 1 5336 1 7139 1 7227 1 8399 1 10139 1 11155 1 11748 1 12133 1 13188 1 13633 1 15029 1 15418 1 16291 1 16858 1 17396 1 17603 2 18130 1 20024 1 21052 1 
193 1 507 1 776 1 968 1 1194 1 1353 1 1889 4 2138 1 2312 1 2521 1 3168 1 3426 1 4160 1 4378 1 5029 1 6112 1 6773 1 6913 1 7504 1 7536 1 7984 1 8608 1 9149 1 9855 2 10095 2 10580 1 11692 1 11852 1 12035 2 12894 1 14337 1 14380 1 14401 1 14592 1 14800 4 15487 1 15633 1 15987 1 16739 1 17018 1 17759 1 19112 1 19551 1 19745 1 19819 1 19939 3 20051 1 21056 1 
105 1 391 1 469 2 501 1 702 1 787 3 1068 1 1275 1 1370 1 1572 1 1698 1 1839 1 2028 2 2095 1 2366 1 2648 1 2686 1 2819 1 3017 1 3025 1 3160 1 3168 6 3193 3 3212 1 3313 1 3426 5 3486 1 3488 1 3538 1 3546 1 3639 1 3657 2 3943 1 4049 1 4074 1 4109 1 4346 1 4407 3 4740 1 4745 1 4811 5 4994 1 5017 1 5029 2 5171 2 5180 1 5210 1 5243 1 6027 2 6112 1 6136 1 6223 4 6274 1 6309 3 6328 1 6332 2 6366 1 6440 2 6765 2 6838 1 7016 1 7105 3 7134 1 7148 1 7227 1 7456 1 7504 3 7536 2 7907 1 7943 1 8020 1 8227 1 8422 1 8543 1 8566 1 8722 2 8872 1 8912 1 8954 2 8981 1 8998 1 9144 1 9484 1 9604 1 9826 2 9855 1 10004 2 10017 1 10111 1 10116 1 10343 1 10462 1 10669 1 10672 1 10728 2 10771 1 10996 1 11054 1 11112 1 11214 1 11297 1 11354 1 11484 1 11620 1 11748 11 11755 2 11785 1 11936 1 11937 1 11992 1 11998 2 12035 1 12137 1 12196 1 12548 1 12628 1 12661 1 12699 1 12732 2 12966 1 13104 1 13205 2 13316 1 13368 1 13402 2 13568 1 13700 1 13865 1 13867 1 13940 1 14027 1 14141 1 14205 1 14263 1 14531 1 14640 1 14666 1 14746 1 14775 3 14800 21 15029 2 15056 1 15101 1 15358 1 15402 1 15550 1 15599 2 15754 1 15957 1 15988 1 16012 1 16018 1 16063 1 16205 1 16408 2 16522 1 16622 1 16733 1 16895 2 16906 1 17217 1 17233 2 17271 1 17368 1 17396 2 17603 1 17691 3 17995 1 18066 1 18163 2 18332 1 18340 1 18427 1 18431 1 18432 1 18672 1 18813 1 18907 1 19027 1 19049 1 19112 1 19124 1 19330 1 19397 2 19448 1 19705 4 19871 1 19873 1 19939 6 19957 1 19994 2 20097 2 20220 1 20753 1 20850 1 21054 1 
1052 1 3621 1 8109 1 8397 1 10531 1 10646 1 14800 1 17603 1 18431 1 19705 1 19875 1 20097 1 20996 1 21056 1 
50 3 173 1 193 1 407 1 469 1 497 1 501 3 546 1 755 1 760 1 776 2 787 1 849 1 968 3 1068 3 1218 1 1276 1 1326 1 1413 1 1657 1 2057 2 2109 1 2133 1 2380 1 2473 1 2648 1 2665 2 2703 1 2957 2 3078 1 3160 1 3168 8 3286 1 3366 1 3426 1 3489 1 3532 1 3538 2 3605 2 3777 1 3831 1 3873 1 3919 3 3942 4 4127 1 4364 1 4437 1 4738 1 4768 1 4796 2 4811 4 4863 2 5017 1 5029 2 5187 1 5210 2 5412 2 5421 1 5992 1 6007 1 6112 1 6346 1 6438 1 6440 3 6543 1 6560 1 6632 1 6703 1 7097 1 7105 1 7137 1 7155 2 7194 1 7224 1 7419 3 7492 2 7875 1 8086 1 8109 3 8114 1 8288 1 8463 1 8494 1 8525 1 8599 1 8608 8 8612 1 8685 1 8733 1 8823 2 8863 1 8895 1 8954 1 9144 1 9149 1 9238 1 10131 1 10226 1 10298 1 10324 1 10440 1 10441 1 10475 1 10477 1 10531 1 10580 1 10638 1 10646 1 10728 1 10963 2 11047 1 11062 1 11081 1 11098 1 11127 2 11308 1 11445 1 11639 1 11703 1 11748 2 11797 1 11896 2 11936 2 11998 1 12035 9 12132 1 12208 1 12260 1 12661 1 12739 1 12987 1 13091 1 13205 4 13211 1 13218 2 13276 1 13429 1 13556 1 13633 1 13765 1 13895 1 14016 2 14365 1 14375 1 14698 2 14800 12 15023 1 15029 2 15056 1 15508 1 15580 1 15848 1 15923 2 16012 2 16063 1 16123 3 16152 1 16266 1 16339 1 16393 1 16408 1 16454 1 16603 1 17154 1 17275 1 17330 1 17478 1 17550 1 17603 1 17642 2 17683 1 17752 1 17759 1 17851 1 17995 1 18431 1 18735 1 18866 1 18880 1 19112 3 19285 2 19366 1 19374 1 19413 2 19444 1 19448 3 19589 1 19621 2 19872 2 19873 1 19875 1 19899 1 19942 5 19994 4 20038 1 20341 1 20376 1 20379 1 20481 3 20491 1 20550 1 20647 1 20808 1 21045 1 21054 1 
105 1 173 1 787 2 820 1 1079 1 1326 1 1328 1 1377 1 1428 2 1536 1 1911 1 2095 1 2181 1 2366 1 2661 1 2703 1 3168 3 3177 1 3193 1 3313 1 3426 2 3986 1 3996 1 4010 1 4115 2 4117 1 4638 1 4745 3 4778 2 4811 1 4835 1 4994 1 5029 1 5412 1 5451 1 5558 2 5716 1 5832 1 6366 1 6794 1 6796 1 7051 1 7053 1 7227 2 7411 1 7536 2 7943 2 8545 1 8722 1 8836 1 9139 2 9318 1 9842 2 9941 1 10095 1 10139 1 10205 1 10313 1 10320 1 10326 1 10728 2 10914 1 11155 5 11534 1 11585 4 11686 2 11748 4 11785 1 11813 2 11905 5 11998 2 12035 2 12036 1 12055 1 12732 2 12829 1 13338 1 13390 1 13429 1 13568 1 13737 1 13808 1 14173 4 14640 1 14666 1 14706 1 14800 5 14863 6 15140 1 15248 1 15550 1 15616 1 15956 2 16237 1 16432 1 16831 1 16934 1 17377 1 17610 1 17691 1 17845 2 17888 1 17896 1 18364 2 18907 1 18976 1 19040 1 19112 1 19172 1 19330 4 19397 2 19430 1 19448 2 19698 1 19713 1 19939 1 19957 5 20406 1 20808 1 20957 4 21054 1 
1673 1 3168 1 4725 1 4898 1 5029 1 5412 1 6342 1 7139 1 8434 1 8902 1 11748 2 12357 1 14375 1 14873 1 15140 1 15508 2 16285 1 16938 1 17379 1 17396 1 17533 1 20831 1 20868 1 21055 1 
902 1 8486 1 19875 1 20097 1 20569 1 21055 1 
502 1 1673 1 3426 1 4768 1 4835 1 4977 1 6570 1 8545 1 10584 1 10646 1 12197 1 12916 1 14509 1 14800 2 21000 2 21055 1 
4346 1 5017 1 5226 1 6794 1 8354 1 8545 1 10212 1 14521 1 15001 1 15400 1 16063 1 17603 1 19987 1 21055 1 
18 1 43 1 50 1 205 1 407 2 469 1 546 1 760 1 787 2 849 2 968 3 1028 16 1068 1 1163 1 1218 1 1276 1 1326 1 1364 2 1470 1 1519 2 1672 1 1989 1 2056 1 2225 3 2380 1 2432 3 2571 1 2603 1 2648 1 2665 2 2739 1 2765 1 2777 1 2797 1 2964 1 3078 1 3160 2 3168 2 3311 1 3361 1 3408 1 3496 1 3532 1 3538 1 3546 2 3586 1 3600 1 3657 1 3706 2 3958 1 4074 2 4109 2 4202 1 4270 1 4410 1 4437 1 4480 1 4597 1 4624 1 4768 1 4772 1 4796 2 4811 4 4927 1 5140 1 5187 1 5202 16 5210 3 5215 1 5235 1 5412 3 5421 1 5437 1 5465 1 5542 1 5925 1 5931 1 6007 2 6054 1 6070 1 6136 2 6220 1 6438 1 6440 7 6543 1 6560 1 6593 1 6632 1 6687 4 6698 1 6761 1 6864 1 6956 1 6959 1 7176 1 7194 1 7223 2 7224 1 7295 1 7328 1 7394 1 7419 3 7595 1 7853 1 8020 2 8087 1 8114 1 8192 1 8288 1 8354 1 8370 1 8404 1 8405 1 8430 1 8482 1 8494 3 8599 1 8685 1 8733 2 8895 1 8993 1 9017 1 9103 2 9196 1 9198 1 9223 1 9238 2 9296 1 9342 1 9360 1 9366 3 10095 1 10212 2 10324 2 10343 2 10397 1 10475 1 10543 10 10580 1 10638 1 10689 1 10699 1 10728 1 10896 1 10963 2 11010 2 11047 1 11054 1 11098 1 11127 2 11199 1 11217 3 11302 1 11308 1 11355 1 11464 1 11505 1 11524 1 11620 1 11666 2 11748 1 11905 1 11907 2 11908 1 11936 4 11998 1 12132 1 12196 1 12203 1 12208 1 12219 1 12223 1 12294 2 12308 1 12390 2 12424 2 12690 1 12724 1 12739 1 12777 2 12942 1 12969 1 12987 1 13016 7 13138 1 13174 1 13193 1 13205 6 13276 2 13370 1 13633 1 13720 1 13930 2 13945 1 13992 2 14016 1 14173 1 14174 1 14241 2 14482 1 14550 1 14563 1 14678 1 14800 7 14870 1 15440 1 15821 1 15848 1 15872 1 15923 2 16012 3 16063 1 16123 1 16152 1 16266 1 16269 1 16287 1 16433 2 16517 3 16520 1 16633 1 16671 1 16768 1 16788 1 16891 1 16906 2 16958 1 17271 1 17459 1 17478 3 17636 1 17683 2 17752 2 17851 1 17896 1 17944 2 17979 1 17995 2 18005 1 18199 1 18242 1 18431 1 18461 1 18468 1 18536 1 18600 1 18655 1 18672 1 18766 2 18813 2 18866 1 18913 1 19262 1 19285 2 19326 1 19366 1 19413 2 19873 2 19875 1 19994 6 20048 1 20127 1 20132 1 20194 1 20214 1 20379 1 20440 1 20481 2 20491 1 20577 1 20850 2 20938 1 20957 1 21021 1 21053 1 
305 1 594 2 760 3 787 1 1218 1 1380 2 1752 1 2157 4 2393 1 2463 3 2665 1 2834 2 3168 1 3546 1 3657 1 4260 1 4624 1 4811 2 5031 1 5048 2 5187 1 5210 2 5235 1 5314 1 5322 3 5601 2 5754 1 5771 1 6136 1 6440 3 6742 3 7168 1 7394 1 7588 14 7673 1 8020 1 8086 1 8354 3 8397 6 8733 4 8934 3 9017 3 9164 1 9266 1 10095 3 10131 1 10212 3 10279 1 10638 1 11047 1 11116 2 11355 1 11415 4 11445 1 11464 1 11806 2 11936 2 12690 1 13116 2 13205 3 13332 2 13505 2 13765 3 13945 1 14515 1 14620 2 14800 2 15398 1 16012 1 16692 4 16788 1 16906 1 17514 2 17995 1 17998 1 18199 1 18478 2 18672 1 18762 2 18766 1 18813 1 18866 1 19003 3 19873 1 19945 1 19994 3 20214 4 20467 1 20481 1 20491 1 20496 7 20850 2 21021 1 21053 1 
193 1 378 1 420 2 523 1 629 1 776 1 786 4 787 2 820 1 842 1 1218 1 1377 1 1478 1 1569 1 2138 1 2230 1 2312 1 2384 1 2645 1 2665 2 3017 2 3160 1 3168 1 3237 1 3523 2 3533 1 3546 1 3553 1 3621 1 3657 1 4044 1 4097 2 4132 1 4185 3 4383 2 4624 1 4719 1 4745 1 4811 4 4813 1 4822 2 4898 1 4973 1 5002 1 5171 2 5187 1 5210 2 5226 1 5235 1 5317 1 5421 2 5545 1 5753 1 5936 4 6002 2 6112 1 6136 1 6346 2 6440 3 6450 1 6546 1 6591 2 6925 2 7155 2 7169 1 7216 2 7227 4 7394 1 7398 2 7431 1 7529 1 8020 1 8109 2 8134 1 8354 1 8460 2 8608 1 8794 1 8954 2 9113 1 9233 1 9300 1 9407 1 9541 2 9604 1 9672 1 9677 1 9826 3 9994 1 10049 2 10131 1 10370 2 10531 1 10638 1 11047 1 11355 1 11464 1 11521 1 11748 9 11858 2 11905 1 11914 2 11936 2 11937 1 12055 2 12132 1 12377 1 12400 1 12652 2 12690 1 12732 3 12769 1 12829 1 13205 4 13417 1 13429 1 13544 1 13568 1 13590 2 13602 1 13728 1 13799 1 13865 1 13895 1 13915 2 13945 1 14375 1 14398 1 14592 7 14640 1 14666 1 14783 2 14800 6 15029 1 15050 1 15248 14 15599 5 15740 1 15754 1 15794 1 15956 1 15960 1 15977 1 16012 1 16061 1 16205 1 16267 1 16291 1 16387 1 16447 1 16603 1 16716 3 16788 1 16906 1 17058 1 17096 1 17190 1 17325 2 17396 1 17752 1 17870 1 17963 1 17995 1 18011 1 18163 1 18335 1 18339 1 18364 1 18423 1 18507 1 18513 1 18672 1 18766 1 18785 8 18813 1 18866 1 19112 3 19281 1 19702 1 19873 1 19939 9 19957 5 19994 4 20204 2 20481 1 20491 1 20786 1 20789 1 20799 2 20831 2 20850 2 20894 2 21054 1 
105 2 367 1 467 2 599 1 629 1 686 1 787 1 1098 1 1218 1 1246 1 1770 4 2138 1 2549 1 2665 2 2841 1 2871 1 3017 1 3168 3 3232 1 3426 1 3503 2 3546 1 3593 1 3621 1 3657 1 3675 1 3943 1 3994 1 4185 1 4383 6 4624 1 4811 5 5018 2 5029 1 5171 1 5187 1 5210 2 5235 1 5550 1 5651 1 5654 1 5655 1 6136 1 6328 1 6440 3 6562 1 6799 2 6838 1 7169 1 7280 2 7316 1 7394 1 8020 1 8109 1 8134 1 8510 1 8892 1 8981 4 9174 1 9348 1 9672 1 9826 1 10057 3 10142 2 10531 1 10638 1 10646 1 11013 1 11047 1 11308 1 11315 1 11355 1 11379 1 11464 1 11605 1 11748 2 11926 1 11936 2 12055 1 12104 1 12521 2 12690 1 12739 2 13104 1 13182 1 13205 3 13337 1 13865 1 13945 1 14174 1 14308 1 14398 1 14592 5 14640 1 14715 1 14800 8 15029 1 15092 2 15151 1 15362 2 15606 1 15754 1 15925 2 16012 1 16051 1 16267 1 16788 1 16906 1 16946 1 16992 2 17396 1 17510 1 17691 1 17995 1 18163 1 18672 1 18766 2 18813 1 18866 1 19112 2 19331 1 19421 1 19430 1 19441 2 19873 1 19957 3 19994 3 20182 2 20481 1 20491 1 20850 2 21053 1 
184 2 768 2 787 1 929 1 1218 1 1377 1 1864 1 2118 2 2133 1 2168 1 2243 1 2571 2 2590 1 2665 2 2999 1 3168 1 3282 1 3426 5 3546 1 3657 1 3994 1 4180 2 4342 1 4361 1 4624 1 4811 2 4844 1 5029 2 5114 1 5187 1 5209 1 5210 2 5235 1 5320 1 5625 3 5928 2 6136 1 6257 1 6328 1 6440 3 6948 2 7155 4 7227 7 7394 1 7431 2 7624 3 7639 1 8020 1 8109 1 8134 1 8302 2 8346 1 8399 1 8510 1 8865 2 9149 2 9339 2 9826 1 10638 1 11047 1 11155 1 11355 1 11464 1 11663 1 11741 1 11748 2 11860 2 11936 2 12012 1 12035 2 12148 2 12208 1 12471 1 12690 1 12739 2 12786 1 12894 1 13104 1 13205 3 13490 2 13602 2 13895 1 13945 1 14174 1 14181 2 14398 1 14592 8 14800 2 15029 1 15718 1 15829 2 16012 1 16123 2 16339 2 16788 1 16812 1 16906 1 17041 1 17325 2 17396 1 17425 1 17703 1 17995 1 18001 1 18339 1 18431 2 18672 1 18766 1 18813 1 18866 1 19041 2 19112 1 19114 2 19465 2 19519 2 19576 1 19629 1 19873 1 19994 3 20131 2 20222 1 20341 1 20481 1 20491 1 20850 2 21053 1 
420 2 467 2 544 2 642 2 768 2 787 1 898 2 923 2 928 2 1218 1 1255 2 1381 2 1421 2 1698 4 1770 1 2240 1 2350 2 2552 2 2594 2 2634 2 2665 1 2845 2 3160 3 3168 1 3187 2 3311 2 3324 2 3503 2 3546 1 3593 1 3657 1 3698 2 3701 1 4076 2 4080 2 4180 4 4185 1 4197 2 4227 2 4353 2 4383 4 4560 1 4572 2 4624 1 4811 2 4946 2 5187 1 5210 2 5235 1 5378 2 5550 1 5677 2 5681 2 5999 2 6136 1 6283 2 6440 7 6556 2 6760 2 6925 4 7112 2 7227 54 7280 2 7394 1 7456 1 7572 2 7621 2 7752 2 8020 5 8070 2 8200 2 8302 2 8460 2 8518 2 8706 2 8865 2 8906 2 8932 2 9151 2 9181 2 9993 2 10142 2 10149 2 10370 4 10397 2 10603 2 10638 1 10646 1 10825 1 10980 2 11047 1 11155 1 11339 2 11355 1 11464 1 11640 2 11671 1 11685 2 11700 2 11860 2 11896 1 11914 2 11936 2 11979 2 12055 1 12148 2 12171 2 12447 2 12521 2 12652 2 12690 1 12822 2 12849 2 12866 2 13204 2 13205 3 13490 2 13521 2 13575 2 13623 2 13870 2 13945 1 13977 2 14101 2 14181 2 14377 2 14395 2 14461 2 14467 2 14524 2 14579 2 14592 65 14633 2 14783 2 14788 2 14800 2 14872 2 14991 2 15092 2 15513 2 15597 2 15763 2 15872 2 15903 2 15988 1 16012 1 16291 2 16364 2 16513 2 16598 2 16788 1 16906 1 16941 1 17180 2 17205 2 17325 6 17652 2 17741 2 17995 1 18320 2 18672 1 18758 2 18766 1 18777 2 18813 1 18866 1 18892 2 19037 2 19041 6 19114 2 19226 1 19331 1 19441 2 19471 2 19519 6 19671 2 19789 2 19873 1 19953 2 19957 3 19994 3 20029 2 20041 1 20182 2 20481 1 20491 1 20497 2 20799 2 20850 2 21017 2 21053 1 
18 2 43 2 54 1 75 1 91 2 105 1 166 1 173 2 193 2 240 1 261 1 337 4 391 1 437 1 448 1 469 2 471 1 556 1 664 1 760 1 846 1 902 1 916 1 968 1 1218 1 1246 1 1326 1 1377 2 1425 1 1447 1 1519 1 1569 1 1572 1 1672 1 1770 1 1840 1 2056 1 2110 1 2118 1 2133 1 2138 2 2144 5 2157 3 2262 1 2312 5 2419 2 2603 2 2665 1 2765 1 2964 1 3077 3 3114 1 3168 3 3496 1 3512 1 3533 1 3546 2 3598 1 3657 1 3684 1 3706 2 3738 1 3963 1 4074 3 4104 1 4160 1 4183 2 4263 1 4270 1 4381 2 4422 1 4465 1 4480 1 4599 4 4613 2 4624 1 4629 2 4720 1 4813 1 4835 2 4898 1 4923 1 4927 2 5005 2 5012 1 5136 1 5179 1 5210 2 5215 1 5226 1 5235 2 5256 1 5355 2 5421 1 5567 1 5621 1 5691 4 5700 1 5725 1 5753 1 5763 1 5832 2 5967 1 6120 1 6223 3 6309 1 6337 1 6457 1 6562 3 6579 1 6580 2 6591 1 6658 2 6911 1 6948 1 6988 3 7098 1 7105 1 7133 1 7151 1 7201 1 7227 3 7243 1 7287 1 7384 1 7394 1 7402 2 7492 1 7641 3 7784 2 7970 1 8039 1 8063 1 8087 1 8134 4 8286 1 8300 1 8354 3 8397 3 8400 1 8405 1 8411 2 8440 3 8494 7 8543 2 8545 1 8591 2 8599 1 8685 1 8722 2 8724 1 8733 2 8797 1 8888 1 8902 2 8954 3 8978 1 9017 1 9079 1 9103 8 9149 1 9196 1 9339 2 9368 3 9427 4 9677 5 9722 5 9826 8 9849 1 9855 2 9949 1 10004 1 10018 2 10077 1 10095 1 10123 2 10131 1 10139 1 10189 2 10212 2 10217 1 10320 1 10343 5 10370 1 10376 4 10416 1 10638 1 10646 1 10755 2 10825 2 10870 10 10881 1 10886 1 10896 4 10909 1 10914 1 10984 1 11010 2 11013 1 11047 1 11112 1 11155 1 11307 2 11308 2 11355 1 11415 9 11445 1 11464 1 11465 1 11527 1 11590 1 11595 2 11605 1 11616 1 11666 2 11683 1 11707 1 11748 15 11798 1 11799 1 11874 1 11905 1 11936 2 11937 1 11945 1 11998 2 12010 1 12012 1 12035 1 12104 1 12163 1 12196 2 12223 1 12294 4 12308 1 12535 1 12548 3 12612 1 12628 1 12641 1 12661 2 12778 2 12969 1 13137 2 13174 1 13205 4 13269 12 13272 1 13429 1 13544 1 13560 1 13566 1 13720 1 13930 2 13940 1 14025 1 14028 1 14173 2 14263 1 14264 1 14289 4 14365 2 14482 1 14521 1 14548 1 14550 1 14615 1 14640 1 14678 1 14687 1 14800 9 14806 1 14954 1 15029 1 15056 1 15101 1 15151 1 15373 2 15394 1 15397 2 15418 1 15441 1 15481 2 15494 1 15622 1 15740 1 15835 1 15852 1 15872 1 15977 1 16004 4 16012 1 16043 4 16063 1 16077 1 16139 1 16339 2 16408 6 16432 2 16692 2 16788 2 16798 1 16848 1 16908 5 17001 1 17038 1 17325 1 17332 3 17518 1 17594 1 17803 1 17972 1 18003 1 18084 1 18107 4 18163 1 18199 4 18278 1 18283 1 18375 3 18376 1 18431 2 18445 1 18468 1 18533 1 18621 1 18650 1 18655 1 18672 1 18680 1 18752 1 18766 2 18785 2 18813 1 19049 1 19095 18 19112 2 19165 1 19229 1 19285 1 19369 1 19430 1 19446 1 19713 2 19727 1 19775 1 19859 1 19871 1 19872 1 19875 2 19883 2 19938 1 19939 1 19957 8 19963 1 19994 4 20028 1 20047 1 20132 1 20192 2 20214 1 20376 1 20397 1 20431 5 20446 2 20463 1 20481 1 20491 1 20538 1 20569 2 20640 1 20698 6 20774 1 20785 1 20806 2 20808 2 20828 1 20831 2 20850 2 20952 1 20957 2 21021 4 21053 1 
43 1 283 1 778 1 968 1 1041 1 1047 1 1447 1 1500 1 1728 2 1878 2 2050 1 2060 2 2123 1 2307 1 2897 1 3168 1 3426 2 3699 1 3732 1 4183 2 4361 2 4482 1 4899 1 5682 1 6027 1 6332 1 6337 2 6353 1 6379 1 6525 1 6838 1 7105 1 7155 1 7789 1 8223 1 8954 2 9233 1 9648 1 9677 1 9826 2 9962 1 10199 1 10531 1 10754 1 10767 4 11208 1 11304 1 11308 1 11415 1 11748 2 11936 2 11975 1 11998 1 12441 1 12612 1 12707 1 12878 2 13104 1 13156 1 13197 1 13205 1 13269 6 13568 1 13802 1 13865 1 13895 2 14331 1 14592 1 14664 1 14800 6 15056 4 15835 2 15976 1 15977 1 16051 1 16267 1 16577 1 16603 1 16798 1 16818 1 16831 1 17038 1 17233 1 17594 1 17997 1 18163 2 18672 2 18766 1 18785 2 19049 1 19172 1 19276 2 19310 2 19330 1 19347 1 19382 1 19389 1 19430 1 19710 1 19713 1 19819 1 19994 1 20028 1 20379 1 20808 1 21054 1 
60 3 138 1 162 1 283 1 332 1 340 2 367 1 391 2 397 1 434 1 448 1 469 2 471 1 502 2 546 1 554 1 599 1 629 11 680 1 681 1 692 3 776 3 793 1 814 2 835 1 882 1 924 1 1002 1 1068 1 1097 1 1127 1 1225 2 1275 1 1299 1 1403 1 1572 1 1647 1 1663 1 1668 1 1726 2 1811 1 1827 1 1878 1 1955 1 1975 1 2027 1 2056 1 2109 1 2123 1 2138 3 2171 1 2230 9 2254 1 2317 2 2381 1 2382 1 2549 6 2645 1 2660 1 2665 1 2681 1 2749 1 2775 1 2776 1 2805 1 2817 1 2837 1 2844 2 2845 1 3010 3 3024 6 3027 1 3043 1 3132 1 3167 1 3168 1 3203 1 3208 1 3284 1 3388 1 3402 1 3473 1 3485 1 3486 1 3496 2 3497 1 3523 48 3545 1 3546 1 3553 1 3579 1 3622 2 3687 1 3706 1 3729 1 3738 2 3774 2 3844 1 3900 1 3920 1 3937 2 3986 1 4058 1 4069 1 4120 1 4148 1 4189 1 4267 1 4270 1 4322 1 4327 1 4337 1 4349 1 4378 2 4517 1 4539 1 4574 1 4577 1 4599 1 4604 1 4613 4 4629 2 4683 1 4738 1 4745 6 4783 1 4826 2 4835 1 4853 1 4877 1 4904 2 4920 1 4923 1 4927 1 4977 1 4991 2 5005 1 5055 1 5085 1 5110 1 5130 1 5157 1 5210 1 5235 5 5272 1 5421 1 5430 1 5444 1 5550 1 5551 1 5669 1 5693 4 5740 1 5765 1 5795 1 5832 1 5840 1 5874 1 5918 1 5951 1 5968 3 6065 1 6079 1 6102 1 6163 1 6173 1 6257 1 6269 1 6302 1 6309 1 6328 1 6337 1 6344 1 6353 1 6363 1 6368 1 6375 1 6402 4 6416 1 6450 1 6531 1 6638 1 6659 1 6729 1 6814 1 6870 2 6917 1 6979 2 7016 1 7093 1 7114 2 7169 1 7212 1 7227 1 7260 2 7293 1 7377 1 7378 1 7492 1 7506 3 7529 1 7536 3 7583 1 7641 2 7652 2 7658 2 7665 1 7675 1 7726 1 7761 1 7833 1 7855 7 7891 1 7908 1 8022 1 8046 2 8087 1 8134 1 8145 2 8149 1 8189 1 8263 1 8301 1 8313 1 8320 1 8324 1 8334 1 8354 1 8370 1 8397 5 8405 1 8411 1 8440 1 8441 1 8490 1 8534 1 8595 1 8599 1 8608 4 8643 1 8653 1 8661 1 8672 2 8676 1 8724 1 8733 3 8785 4 8797 1 8832 1 8863 1 8908 1 8909 1 8929 1 8954 6 8955 1 9017 2 9149 2 9150 1 9151 1 9196 2 9318 1 9336 3 9408 2 9448 1 9449 1 9475 1 9480 1 9496 1 9615 3 9622 1 9654 5 9682 3 9706 1 9804 1 9809 1 9816 1 9826 8 9955 1 9958 1 9993 1 10018 1 10068 1 10090 1 10095 2 10112 1 10144 1 10181 1 10189 3 10212 1 10343 1 10382 1 10385 2 10412 1 10416 1 10481 1 10502 1 10551 1 10618 2 10759 3 10775 1 10825 1 10886 2 10948 1 10967 1 10972 1 11112 1 11155 2 11191 1 11203 1 11208 1 11245 1 11246 1 11308 1 11363 1 11387 1 11445 1 11448 1 11526 1 11551 1 11572 1 11581 1 11621 1 11645 1 11671 3 11699 1 11748 7 11761 2 11784 1 11804 1 11861 2 11870 1 11882 1 11905 2 11929 1 11937 1 11995 1 12012 1 12055 1 12095 4 12132 1 12189 1 12223 1 12241 1 12341 1 12413 1 12431 1 12452 1 12482 1 12486 1 12548 2 12575 4 12657 1 12671 1 12739 3 12769 5 12798 1 12807 1 12840 1 12844 1 12916 2 12942 1 12989 7 12995 1 13091 1 13098 1 13114 1 13177 1 13205 19 13224 2 13269 17 13299 1 13316 1 13337 2 13429 1 13590 2 13633 1 13634 1 13677 1 13695 1 13720 3 13759 1 13765 3 13858 2 13895 1 13935 1 13940 1 13951 1 14122 1 14173 3 14174 8 14197 2 14217 1 14221 1 14263 1 14337 1 14365 1 14398 1 14418 3 14466 1 14482 1 14483 1 14552 1 14592 2 14602 1 14615 1 14640 1 14666 1 14686 1 14721 1 14728 1 14765 1 14800 14 14895 1 14908 1 14954 1 14982 2 15056 1 15113 2 15157 1 15164 2 15171 1 15178 1 15187 3 15223 2 15246 1 15250 1 15318 3 15377 1 15379 1 15380 1 15398 1 15406 1 15435 1 15487 2 15622 1 15643 1 15675 1 15719 2 15743 1 15762 1 15809 1 15831 1 15835 1 15871 1 15987 1 15988 1 16012 1 16040 3 16045 1 16084 1 16144 1 16152 2 16238 1 16260 2 16285 1 16306 1 16336 1 16339 3 16364 1 16381 2 16432 1 16590 1 16602 1 16698 1 16755 1 16832 2 16837 1 16937 1 16976 7 17018 1 17103 1 17148 2 17317 1 17320 1 17425 1 17439 2 17444 1 17486 1 17504 2 17623 1 17652 2 17683 1 17795 1 17880 1 18001 1 18066 4 18128 1 18162 1 18199 2 18216 1 18250 2 18267 12 18278 1 18302 1 18336 1 18376 4 18515 1 18587 2 18594 1 18756 1 18764 4 18785 22 18862 1 18871 1 18874 2 18883 1 18915 1 18961 1 18999 1 19014 1 19112 1 19198 1 19255 1 19313 1 19351 1 19367 2 19400 1 19448 3 19461 1 19682 1 19693 1 19701 1 19705 1 19713 2 19859 1 19872 1 19875 2 19879 1 19890 1 19899 18 19928 2 19947 1 19959 1 19994 9 19997 1 20020 1 20045 1 20047 1 20051 1 20071 1 20090 1 20092 1 20095 1 20124 1 20132 2 20138 1 20145 1 20174 1 20193 1 20214 1 20227 1 20231 2 20250 3 20301 1 20378 1 20406 1 20496 1 20512 3 20569 9 20572 1 20574 1 20586 2 20611 1 20647 3 20708 1 20768 1 20789 5 20805 1 20806 1 20808 2 20817 1 20821 1 20831 1 20850 1 20893 1 20942 4 20944 1 20962 1 21018 1 21037 1 21039 2 21054 1 
902 1 3657 1 5256 1 6948 1 8954 1 9855 1 10018 1 10139 1 13269 1 14800 2 15029 1 18766 2 19859 1 21053 1 
173 1 193 2 434 1 582 1 699 1 849 1 1149 1 2665 1 3168 3 3805 1 4044 1 4687 1 4719 1 5029 2 6379 1 6591 2 8536 1 8745 1 8824 1 8863 1 8902 2 9642 1 11624 1 11748 2 11878 1 11937 3 12628 10 12877 1 13269 2 13790 2 14800 1 15418 2 15487 2 16285 2 16408 1 16720 1 16963 1 17398 1 17497 1 17885 1 18592 9 19875 1 19899 1 19939 1 19947 1 21052 1 
54 2 64 1 91 2 95 1 173 10 386 1 434 2 582 1 599 1 629 1 699 4 787 1 849 1 903 1 916 4 968 1 1218 1 1673 1 1770 2 1836 1 1840 1 2060 1 2118 1 2138 6 2230 2 2274 1 2457 1 2587 1 2638 2 2703 1 3010 3 3013 1 3108 1 3168 2 3212 1 3251 1 3366 1 3388 1 3412 1 3424 2 3426 2 3496 1 3523 1 3546 1 3557 1 3598 1 3970 8 3994 1 4074 1 4117 1 4132 1 4167 1 4273 1 4319 1 4383 2 4585 1 4624 1 4673 1 4687 2 4747 1 4768 1 4773 3 4793 1 4802 1 4937 1 5029 1 5210 2 5226 1 5235 1 5243 1 5426 2 5587 1 5621 1 5630 1 5653 1 5742 1 5865 1 5894 2 5918 1 5967 1 6112 2 6375 1 6512 1 6579 1 6591 1 6600 1 6734 1 6948 1 6988 1 7139 2 7181 1 7191 1 7366 1 7394 1 7639 1 7855 1 7915 1 7956 1 8038 1 8126 1 8240 1 8286 1 8591 1 8599 1 8722 2 8902 8 8936 1 8954 8 9155 1 9336 1 9339 1 9421 1 9546 1 9568 1 9574 1 9622 3 9826 2 9849 1 9922 1 10031 4 10075 1 10093 3 10192 1 10296 1 10297 1 10298 1 10313 1 10458 1 10531 1 10638 1 10646 3 10886 1 10984 1 11010 1 11013 1 11047 1 11128 1 11155 1 11296 1 11355 1 11427 1 11432 1 11464 1 11748 2 11804 1 11858 2 11936 4 11998 1 12013 1 12208 1 12357 1 12370 1 12418 1 12575 2 12628 11 12769 1 12863 1 12872 1 13086 1 13156 1 13205 8 13269 6 13299 1 13421 1 13568 3 13673 1 14025 1 14028 1 14147 1 14365 1 14428 1 14628 1 14800 16 14865 1 15092 1 15187 2 15418 1 15517 1 15736 1 15777 1 15851 1 16012 2 16043 1 16046 1 16063 2 16285 2 16304 1 16503 1 16577 1 16622 1 16788 1 16895 1 17096 1 17147 3 17230 1 17379 2 17497 2 17603 1 17647 1 17781 1 17963 1 17964 1 18001 2 18003 1 18250 1 18376 1 18423 1 18445 1 18468 1 18691 1 18785 2 18813 1 19027 2 19448 1 19682 1 19690 1 19702 1 19921 1 19994 9 20318 1 20324 1 20481 1 20491 1 20519 1 20633 1 20777 1 20789 1 20806 2 20850 2 20981 1 21052 1 
50 4 54 1 261 4 582 2 649 1 902 1 915 4 916 1 968 1 1089 1 1218 1 1364 1 1385 2 1398 1 1698 1 1834 1 2118 1 2133 1 2176 1 2268 1 2416 1 2457 1 2685 3 2721 1 2872 1 3426 1 3533 1 3546 1 3598 1 3657 1 3963 4 4074 1 4416 1 4445 1 4482 1 4624 1 4629 1 4719 1 4786 4 4840 1 5089 1 5210 2 5235 1 5256 2 5621 1 5897 1 5916 1 5918 4 5936 1 5967 1 6126 1 6257 1 6337 1 6379 1 6433 2 6579 1 6795 1 6870 2 6881 1 6937 1 6948 1 7105 1 7168 1 7227 1 7394 1 7404 1 7436 2 7492 1 7789 3 7857 1 8263 1 8286 1 8397 3 8545 4 8591 1 8599 2 8608 5 8722 2 8863 1 8909 2 8954 3 9243 1 9649 1 9698 1 9826 4 9849 1 9855 1 9998 2 10018 1 10062 1 10093 1 10123 1 10139 1 10140 1 10189 1 10416 1 10638 1 10669 1 10728 1 10894 1 11047 1 11182 1 11209 7 11352 6 11355 1 11387 1 11427 1 11464 1 11484 1 11748 9 11848 1 11936 2 12132 1 12174 1 12308 1 12341 1 12390 1 12704 2 12850 1 12878 3 13205 3 13269 4 13575 1 13633 1 13879 1 13940 1 14025 1 14028 1 14141 1 14365 1 14398 1 14729 1 14800 11 15029 1 15056 1 15418 4 15513 1 15835 2 15977 1 15987 1 16012 1 16165 1 16339 1 16381 1 16393 1 16704 1 16788 1 16886 1 16963 1 16990 3 17332 1 17773 1 18003 2 18024 1 18041 3 18250 1 18376 1 18432 1 18445 1 18476 3 18574 1 18672 1 18766 2 18813 1 18880 1 18939 7 18962 3 19000 1 19229 4 19353 1 19702 1 19713 6 19859 1 19875 4 19939 1 19957 1 19994 3 20028 1 20095 4 20412 1 20446 2 20481 1 20491 1 20821 1 20831 2 20850 2 20922 1 21053 1 
54 1 93 1 173 3 193 2 371 1 391 2 434 5 448 1 582 2 699 3 849 5 882 1 886 1 902 1 916 3 1098 1 1149 3 1218 1 1364 1 1377 1 1466 1 1612 1 1673 2 1770 2 2118 1 2138 1 2159 1 2312 1 2326 1 2665 2 2717 1 2754 1 3010 3 3078 1 3168 11 3217 2 3426 2 3538 3 3546 1 3598 1 3657 1 3661 2 3710 1 3805 1 4044 1 4074 1 4381 1 4383 2 4439 1 4470 4 4554 2 4624 1 4687 2 4719 1 4725 1 4786 1 5003 1 5029 11 5210 2 5235 1 5256 1 5263 1 5284 1 5393 2 5412 4 5421 1 5621 1 5684 1 5763 1 5894 1 5941 2 5967 1 6007 3 6143 1 6191 1 6429 1 6433 1 6534 1 6579 1 6591 3 6645 1 6846 1 6906 1 6948 1 6982 1 7139 1 7226 3 7227 3 7394 1 7492 2 7536 1 7554 1 7734 1 7836 1 7857 1 8086 1 8134 3 8149 1 8161 1 8166 1 8286 1 8393 4 8400 2 8542 1 8545 2 8599 5 8612 2 8722 2 8745 1 8863 2 8888 1 8902 12 8934 1 8954 2 8978 1 9149 2 9368 1 9638 1 9826 4 9849 1 9855 1 9949 1 10018 1 10031 1 10131 1 10139 1 10192 2 10321 1 10531 7 10580 4 10638 1 10646 3 10761 2 10828 1 10910 1 11047 1 11062 1 11131 1 11155 1 11156 1 11175 1 11355 1 11415 1 11427 2 11432 1 11464 1 11624 2 11745 2 11748 14 11878 1 11879 1 11936 2 11937 3 11998 1 12013 1 12035 1 12413 1 12514 2 12628 25 12877 2 13090 2 13138 3 13188 1 13205 3 13224 2 13226 1 13269 7 13317 1 13395 8 13467 2 13525 1 13528 1 13590 1 13633 2 13985 2 14008 1 14025 1 14028 1 14062 3 14256 1 14326 1 14365 1 14521 2 14592 1 14762 1 14800 10 14975 1 15029 3 15055 3 15092 1 15144 1 15361 4 15418 6 15450 1 15487 2 15508 2 15633 1 15710 1 15754 1 15988 1 16012 1 16285 3 16577 1 16603 1 16693 1 16720 1 16788 1 16963 1 17379 1 17396 3 17398 1 17497 2 17582 1 17603 2 17700 1 17752 1 17795 1 17851 2 17885 3 18003 1 18041 1 18049 1 18163 2 18278 1 18376 1 18398 1 18445 1 18766 2 18813 1 19281 1 19366 1 19619 1 19621 1 19705 1 19859 1 19875 2 19899 1 19939 3 19947 1 19994 3 20428 1 20446 2 20481 1 20491 1 20570 2 20625 1 20698 1 20808 1 20831 1 20850 2 20987 1 21000 2 21052 1 
31 1 173 1 448 1 567 1 599 1 762 1 1068 1 2108 1 2138 1 2485 1 2730 1 2765 1 2844 1 3168 1 3661 2 4249 1 4381 1 4383 2 4745 1 5248 2 5314 2 5317 1 5412 1 6328 2 6516 1 6870 2 6917 1 6982 1 7227 2 8086 1 8149 1 8191 1 8934 1 9339 1 9427 1 9604 1 9608 1 9826 2 10139 1 10570 1 10646 1 11387 1 11748 8 11905 1 12548 3 12575 1 12628 1 12942 2 13001 1 13544 1 13895 1 14163 1 14640 1 14678 1 14710 1 14800 3 15030 2 15157 1 15418 1 15740 1 15988 2 15989 1 16336 1 16387 1 16447 1 16798 1 17113 1 17396 2 17563 1 17603 1 18163 2 18431 1 18785 1 19107 1 19705 1 19713 2 19875 1 19957 2 20097 1 20132 1 20412 1 20808 1 20957 1 21021 1 21056 1 
3168 1 4322 1 4327 1 5386 1 6889 1 7506 1 9855 1 20569 6 21055 1 
4768 1 6570 1 21055 1 
3168 1 11748 1 17396 1 21052 1 
842 1 4768 1 6570 1 13895 1 14182 1 14666 1 15248 1 17190 1 18785 1 21055 1 
173 4 915 2 2060 2 3480 2 4893 1 6948 2 8087 2 8370 2 8405 2 8902 2 8954 2 11155 2 12628 4 14016 1 14310 2 14800 2 15287 1 16291 2 16380 2 17691 1 18278 2 19875 2 20708 2 20808 2 21052 1 
173 2 1149 1 3010 1 4383 1 6433 1 7227 1 7492 1 7671 1 7836 1 8097 1 8393 1 9826 1 11748 2 12628 4 13269 1 13395 1 14521 1 14592 1 14800 2 14975 1 15361 1 15710 1 15988 1 18049 1 18785 1 19875 1 20446 1 20569 2 21052 1 
173 1 434 1 849 1 1149 1 1673 2 3010 2 3168 1 3214 1 3217 1 3426 1 3661 1 4381 1 4383 1 5412 1 6433 1 6982 1 7227 1 7492 1 7836 1 8134 2 8393 1 8902 3 9826 1 10370 1 11624 1 11745 1 11748 2 11998 1 12035 1 12628 4 13317 1 13395 1 13467 1 14521 1 14553 1 14592 1 14800 3 14975 1 15361 1 15710 1 15988 1 17795 1 17851 1 17885 1 18049 1 18278 1 19705 1 19875 1 20446 1 20698 1 20808 1 20987 1 21000 1 21052 1 
2118 1 6729 1 7139 1 11010 1 13279 1 15508 1 17379 1 21055 1 
43 1 567 1 1047 1 1673 1 2118 1 2133 1 2221 1 7139 1 8411 1 10076 1 11620 1 11936 1 12016 1 13205 1 14365 1 14800 1 14873 2 15508 1 16012 1 17379 1 19994 1 20027 1 20538 1 21000 1 21055 1 
436 1 3168 1 3958 1 4768 1 6570 1 7227 1 7411 1 10409 1 11155 1 18431 1 18880 1 19297 3 20569 4 21055 1 
105 2 173 2 493 1 692 1 778 1 840 1 1041 1 1840 1 2230 1 2648 1 3017 1 3168 2 3472 2 3792 1 4115 1 4148 1 4211 2 5089 2 5725 1 5753 1 5824 1 6328 1 7061 1 7114 1 7145 1 7227 1 7536 1 8608 1 8724 1 8934 1 8954 2 8978 1 9428 1 9962 1 10139 1 10754 1 10771 1 11085 1 11308 1 11688 1 11748 6 11998 1 12349 1 12548 1 12628 1 13156 1 13205 1 13337 1 14268 1 14800 2 15029 1 15599 1 15721 1 15783 1 15802 1 15925 1 15977 1 15987 1 16043 3 16061 1 16432 1 17675 1 17691 1 17862 1 18001 1 18163 1 18364 1 18785 3 19120 1 19430 1 19875 1 19939 1 19994 1 20831 1 21054 1 
41 1 143 1 173 1 471 1 692 1 778 1 789 1 916 1 1041 1 1775 1 1840 1 2230 1 2384 1 2841 1 3017 1 3168 1 3342 1 3523 1 4211 2 4678 1 5029 1 5725 1 5824 1 6186 1 7061 1 7536 1 8411 1 8954 1 8978 1 9348 1 10646 2 10754 1 10771 1 11085 1 11688 1 11748 5 11998 1 12341 1 12349 1 12441 1 12548 1 12628 2 13104 1 13205 1 14800 2 15029 1 15287 1 15599 1 15740 1 15783 1 15835 1 15925 1 16043 2 16267 1 17174 1 17675 1 17862 1 18001 1 18785 2 19112 1 19120 1 19994 1 21054 1 
3168 1 7431 1 13104 1 17377 1 21055 1 
5314 1 6870 1 9826 1 12942 1 20808 1 21056 1 
15248 1 21055 1 
391 2 469 2 599 1 902 1 1023 1 1326 1 1661 1 2665 1 3010 2 3160 1 3168 1 3705 2 4253 1 4383 1 4482 1 5314 2 6489 1 7071 1 7105 1 7410 1 7971 1 8400 1 8486 1 8543 1 8745 2 9795 1 9855 4 10481 1 10531 1 10584 1 10728 1 11415 1 11748 1 11998 1 12548 1 12628 1 13337 1 14592 1 14775 2 14800 4 15029 1 15056 1 15101 1 17190 2 17396 1 18239 1 19124 1 19448 1 19713 1 19875 6 19957 1 20431 1 20611 1 20850 2 21056 1 
173 2 1770 1 3168 2 5314 1 7505 1 10298 1 10728 1 11748 1 12628 2 14800 1 15956 1 16813 1 17396 3 18372 1 18785 2 19939 2 21052 1 
210 1 1673 2 3168 1 3467 1 5029 1 5753 1 6191 1 6796 1 10076 1 11748 1 16291 1 20013 1 21000 1 21055 1 
93 1 367 1 391 4 582 1 755 1 902 1 1649 2 1836 1 2028 2 2648 1 2717 1 3017 2 3160 1 3168 2 3193 1 3366 1 3426 1 4253 2 4296 1 4403 1 4482 1 5029 1 5171 2 5412 2 5879 1 6191 1 6917 2 6982 1 7061 1 7139 2 8149 1 8399 1 8400 1 8440 1 8543 2 8978 1 9672 1 9826 1 10139 1 10531 2 10570 1 10646 2 10754 1 11155 1 11748 7 11785 2 11998 1 12132 1 12548 1 12739 1 12944 1 13234 1 13337 1 13865 1 14800 6 15029 1 15508 2 15740 1 16006 1 16387 1 16408 1 17096 1 17379 2 17396 2 17582 1 17603 1 18061 1 18232 2 18250 1 18431 1 18567 1 19124 1 19580 1 19702 1 19705 3 19875 10 21056 1 
