68 2804 6453
43 1 60 1 78 1 97 1 132 1 141 1 164 1 191 1 234 1 244 2 259 1 274 1 302 1 339 1 348 1 397 1 406 1 415 1 428 1 556 1 568 1 578 2 595 1 677 1 743 2 789 1 797 2 898 1 904 1 924 1 926 1 935 1 939 2 947 1 965 1 966 1 1027 1 1059 2 1099 1 1106 1 1151 1 1166 2 1204 1 1262 1 1291 2 1357 1 1405 1 1494 1 1532 1 1550 1 1554 1 1565 1 1600 1 1673 1 1675 1 1681 1 1707 1 1716 1 1746 1 1752 3 1777 1 1845 1 1876 1 1885 1 1886 1 1919 1 1924 1 1947 1 1958 2 1979 1 2019 1 2024 1 2048 1 2066 1 2081 1 2104 1 2135 2 2155 1 2159 2 2189 1 2196 1 2214 1 2263 1 2267 1 2271 1 2324 1 2326 1 2336 1 2343 2 2357 2 2377 1 2394 1 2410 1 2434 1 2440 2 2462 1 2507 1 2530 1 2532 1 2536 1 2571 1 2580 1 2601 1 2607 1 2635 1 2662 1 2674 1 2688 2 2690 2 2728 1 2732 1 2761 1 2766 1 2768 1 
25 1 51 2 53 1 98 1 315 1 316 1 503 1 568 1 578 1 677 1 869 2 924 1 1059 3 1095 1 1363 1 1449 1 1503 1 1509 1 1732 1 1888 1 1894 1 1962 1 1973 1 2054 2 2067 1 2155 1 2178 1 2183 1 2233 1 2284 1 2301 1 2326 1 2327 1 2379 2 2568 1 2674 1 2710 1 2754 1 
33 1 46 1 157 1 244 1 249 1 268 1 295 1 319 1 404 1 415 2 422 1 434 1 499 1 532 1 568 2 638 1 682 1 741 1 745 1 764 1 770 1 795 1 904 2 924 1 964 2 1020 1 1096 1 1159 1 1221 1 1262 2 1271 1 1382 1 1441 1 1518 1 1521 1 1584 1 1670 1 1681 2 1687 1 1749 1 1791 1 1903 1 1930 1 1983 1 2037 1 2076 1 2086 1 2117 1 2181 1 2231 1 2253 1 2343 1 2378 1 2506 2 2525 1 2539 1 2544 1 2765 1 
51 1 249 1 315 1 339 1 707 1 805 1 1044 1 1059 1 1222 1 1389 1 1459 1 1474 1 1553 1 1839 1 1962 1 2155 1 2183 1 2352 1 2677 1 
59 2 83 1 119 1 128 1 177 1 257 1 293 1 302 2 339 2 404 1 409 1 430 1 550 1 682 2 716 1 745 1 882 1 915 1 984 1 1020 1 1242 1 1246 1 1252 1 1330 2 1346 1 1384 1 1390 3 1464 2 1518 1 1647 2 1699 1 1785 1 1791 1 2066 2 2078 1 2166 1 2167 1 2285 1 2387 1 2410 1 2674 2 2680 1 2692 1 2762 1 2781 1 
669 1 1560 1 2357 2 
59 1 65 2 104 1 112 4 126 2 128 1 138 2 141 1 177 3 192 1 210 1 233 1 254 1 268 1 293 1 310 1 320 1 333 1 339 1 348 1 371 1 382 1 393 3 404 1 419 1 422 2 423 1 428 1 446 1 449 2 496 1 503 1 504 1 508 1 517 1 518 1 532 1 542 1 550 1 554 1 556 2 565 6 595 7 597 1 617 1 636 1 642 2 647 1 659 5 674 1 682 1 683 1 686 1 698 1 707 2 713 2 723 1 748 1 761 1 776 1 780 1 784 1 789 2 797 1 811 1 818 1 820 1 826 1 829 1 842 1 847 1 871 1 881 1 882 3 885 1 897 2 904 1 905 1 910 1 953 1 955 2 960 1 963 1 967 1 974 2 984 3 1014 1 1022 1 1025 1 1074 1 1085 2 1095 1 1102 3 1106 1 1151 1 1166 1 1174 1 1177 1 1198 1 1246 1 1265 1 1271 1 1298 2 1304 1 1305 1 1308 1 1346 1 1357 2 1366 1 1384 2 1394 1 1396 1 1397 2 1402 1 1412 1 1415 1 1431 3 1436 2 1460 1 1462 1 1508 1 1514 5 1518 1 1528 1 1530 1 1547 1 1553 1 1560 1 1562 1 1564 1 1565 2 1573 1 1576 1 1579 1 1596 1 1597 1 1600 1 1619 1 1621 1 1647 5 1654 1 1670 2 1695 1 1704 1 1712 1 1715 1 1749 2 1751 1 1755 1 1779 1 1785 2 1789 1 1791 1 1809 1 1817 4 1820 1 1822 1 1837 1 1842 1 1848 1 1853 1 1872 1 1893 1 1903 1 1909 2 1922 1 1923 1 1934 1 1937 1 1944 1 1953 2 1964 1 1969 1 1986 1 1999 2 2010 1 2015 1 2048 1 2054 3 2084 3 2122 1 2127 1 2132 1 2140 1 2157 1 2167 1 2181 2 2203 1 2234 1 2247 1 2266 1 2268 1 2273 2 2312 2 2325 1 2326 1 2331 2 2376 2 2387 1 2389 1 2394 1 2396 1 2409 1 2410 3 2421 1 2437 1 2440 2 2467 1 2497 1 2503 1 2506 1 2509 1 2511 2 2516 1 2517 2 2521 1 2530 1 2532 2 2551 1 2554 2 2599 1 2609 1 2614 1 2622 2 2631 3 2657 1 2674 2 2675 1 2678 1 2685 2 2690 1 2704 3 2709 1 2761 1 2775 1 2779 1 2788 3 2798 1 2800 1 
11 1 15 1 63 2 80 1 115 1 119 1 181 1 195 1 257 1 313 1 315 1 335 1 342 1 464 1 556 1 560 1 666 1 681 1 779 2 783 1 807 3 875 1 1098 1 1109 1 1114 2 1119 1 1173 1 1188 1 1197 1 1200 4 1211 1 1259 1 1337 3 1345 2 1377 1 1447 1 1508 1 1561 1 1574 1 1578 1 1584 1 1630 3 1636 2 1638 1 1651 1 1666 1 1685 1 1689 1 1690 1 1720 2 1779 1 1799 1 1869 1 1967 4 2104 2 2171 2 2264 2 2359 1 2371 2 2372 1 2389 1 2397 2 2444 1 2529 1 2537 1 2572 1 2603 1 2604 1 2624 1 2662 1 2688 1 2699 2 2727 1 2789 1 
56 2 91 2 236 2 338 1 394 2 457 1 568 2 582 2 669 1 985 1 1034 1 1038 1 1114 1 1245 1 1280 2 1407 1 1434 2 1649 1 1846 1 2059 1 2366 1 2371 1 2397 1 2526 1 2537 2 2607 1 2613 1 2767 1 
492 1 595 1 597 1 876 1 999 1 1017 1 1076 1 1108 1 1112 1 1264 1 1297 1 1641 1 1650 1 1741 1 1844 1 1846 1 1885 1 2042 2 2139 1 2346 1 2349 1 2371 1 2705 1 2715 1 
2 1 11 5 17 1 27 2 37 2 41 1 42 1 48 1 51 1 54 1 73 1 83 1 88 1 98 1 99 1 104 1 111 1 121 1 122 1 125 1 130 1 134 2 145 1 146 1 148 1 158 1 159 1 160 1 173 1 174 1 181 2 183 3 184 1 196 1 197 1 200 1 204 1 223 1 229 1 230 1 238 3 245 1 249 1 250 1 256 1 257 1 267 1 272 1 280 1 289 1 298 1 302 1 305 2 306 1 310 1 315 1 316 1 318 1 334 1 339 2 352 6 365 3 378 1 385 2 394 1 415 9 422 1 442 1 445 1 446 1 447 1 478 1 481 3 492 1 498 1 500 1 502 2 505 1 512 1 514 5 515 1 517 2 526 4 550 1 564 1 568 2 626 1 629 1 641 1 643 1 648 1 656 1 657 2 672 2 681 1 687 1 697 1 700 1 706 1 713 1 736 1 750 1 752 1 766 3 771 1 781 1 785 1 795 1 797 1 800 1 801 1 824 1 857 1 871 2 880 1 888 1 897 1 901 3 915 2 923 1 929 1 939 1 940 1 946 1 954 1 956 1 977 1 984 1 995 1 1020 1 1022 1 1037 1 1041 1 1048 1 1054 1 1058 1 1059 1 1064 1 1076 1 1084 1 1100 2 1106 1 1109 1 1114 1 1118 1 1134 1 1142 4 1144 1 1146 1 1151 2 1155 1 1160 3 1166 2 1180 1 1182 1 1193 1 1200 1 1215 1 1224 1 1225 1 1240 1 1244 1 1245 1 1248 1 1262 9 1266 1 1267 1 1270 1 1271 2 1276 1 1280 1 1281 1 1309 3 1314 1 1315 1 1328 1 1338 1 1341 1 1349 3 1363 1 1364 4 1380 1 1388 2 1404 1 1438 1 1459 2 1472 1 1478 1 1482 1 1493 1 1503 1 1505 1 1516 1 1520 2 1551 1 1552 1 1568 1 1593 1 1601 1 1602 1 1608 1 1613 1 1620 3 1631 1 1648 1 1649 1 1668 1 1670 2 1681 5 1684 1 1690 2 1697 1 1716 1 1720 1 1726 2 1754 1 1756 2 1769 1 1773 1 1774 1 1775 1 1779 2 1780 1 1788 1 1790 1 1807 2 1813 1 1815 1 1823 1 1829 1 1831 1 1832 1 1833 3 1836 1 1838 1 1848 1 1859 1 1861 2 1872 1 1874 2 1875 1 1877 2 1880 1 1883 1 1898 1 1899 1 1932 1 1934 1 1936 1 1956 4 1970 1 2003 2 2042 1 2054 1 2065 4 2093 2 2096 5 2098 1 2100 2 2111 1 2114 1 2123 1 2130 1 2153 1 2154 1 2161 9 2171 1 2188 1 2189 2 2191 1 2194 2 2196 1 2208 1 2210 1 2212 1 2216 1 2218 4 2224 1 2228 1 2229 2 2235 1 2237 2 2254 1 2278 1 2283 1 2284 2 2288 1 2314 2 2324 1 2343 1 2352 1 2397 1 2424 1 2443 1 2448 2 2452 1 2461 1 2462 4 2477 1 2488 1 2499 3 2506 1 2530 1 2540 1 2544 1 2568 2 2572 1 2580 1 2584 2 2585 1 2604 2 2606 2 2612 3 2620 1 2637 1 2639 1 2643 1 2656 1 2666 1 2687 1 2688 1 2699 1 2708 1 2710 1 2711 1 2712 1 2719 1 2720 1 2727 1 2740 1 2746 1 2754 1 2764 1 2775 1 2776 1 2793 1 2794 1 2802 1 
2 1 11 3 15 1 20 1 79 1 88 1 107 1 119 2 121 1 129 1 150 2 184 1 190 3 198 1 200 1 245 1 256 1 257 1 313 1 315 1 328 1 329 3 330 1 350 6 362 3 378 1 409 2 445 1 464 1 478 1 498 1 556 1 560 1 595 1 656 1 663 1 681 1 742 1 779 2 783 1 794 1 807 2 875 1 943 1 956 1 960 1 995 1 1009 1 1012 1 1060 1 1075 2 1100 1 1114 1 1134 1 1144 1 1173 1 1200 2 1205 1 1224 1 1259 6 1293 6 1338 1 1342 1 1363 2 1375 2 1377 1 1447 7 1487 1 1493 1 1502 1 1508 1 1561 1 1574 1 1578 1 1601 1 1636 2 1661 1 1689 1 1690 1 1716 1 1779 2 1812 1 1869 1 1880 1 1883 1 1898 2 1923 1 1953 1 2009 1 2014 1 2069 1 2104 2 2133 1 2150 2 2153 3 2161 1 2171 1 2224 2 2225 1 2245 1 2264 1 2283 1 2291 2 2371 1 2397 1 2411 1 2419 1 2424 1 2429 1 2433 2 2452 1 2461 1 2463 1 2475 1 2485 1 2506 1 2530 1 2537 1 2572 1 2604 2 2615 1 2688 1 2699 2 2727 3 2739 2 2744 1 2789 1 
11 1 88 1 119 1 200 1 256 1 257 1 313 1 315 1 378 1 445 1 464 1 498 1 556 1 560 1 656 1 681 1 779 2 783 1 807 2 875 1 995 1 1100 1 1114 1 1144 1 1173 1 1200 1 1259 1 1338 1 1447 1 1493 1 1508 1 1561 1 1574 1 1578 1 1601 1 1636 2 1689 1 1690 1 1716 1 1779 2 1869 1 1880 1 1883 1 1898 1 2104 2 2171 1 2264 1 2283 1 2371 1 2397 1 2452 1 2461 1 2530 1 2537 1 2572 1 2688 1 2699 2 2727 4 2789 1 
4 1 11 1 47 1 51 1 65 2 101 1 104 1 105 1 112 6 119 1 126 3 128 1 136 1 141 2 163 5 177 3 200 2 210 1 249 1 257 2 268 1 270 1 300 1 310 1 320 1 331 1 333 1 348 1 371 1 373 1 378 1 382 1 393 2 404 2 419 1 422 2 423 1 425 1 426 1 440 1 445 1 449 2 474 1 478 2 496 2 497 1 498 1 503 1 504 1 508 2 517 1 518 1 550 1 554 1 556 4 572 1 584 1 595 6 603 1 608 1 617 1 642 2 656 1 659 5 674 2 683 1 707 1 713 1 762 1 776 1 779 1 780 1 784 1 789 2 797 1 811 1 818 1 823 1 826 1 829 1 840 1 842 1 847 1 871 1 878 1 882 2 885 1 888 1 897 2 904 1 905 1 910 1 941 2 953 2 960 1 963 1 967 1 972 1 974 2 984 3 992 1 995 1 1014 1 1061 2 1074 1 1085 2 1099 1 1100 1 1103 1 1120 1 1136 1 1141 1 1144 1 1151 1 1155 1 1166 2 1174 1 1240 1 1246 1 1264 3 1265 1 1270 1 1291 3 1298 2 1308 1 1313 1 1315 1 1338 1 1346 1 1351 1 1357 3 1366 1 1384 3 1389 1 1397 1 1412 3 1415 1 1429 1 1431 3 1436 2 1459 2 1460 1 1462 1 1493 1 1514 3 1528 2 1547 1 1560 1 1562 1 1565 2 1573 1 1576 1 1578 1 1579 1 1584 1 1586 2 1600 1 1601 1 1603 1 1619 1 1621 1 1647 5 1654 1 1662 1 1670 2 1704 1 1712 1 1715 1 1716 1 1755 1 1779 1 1782 1 1797 1 1803 2 1817 4 1820 1 1822 1 1840 1 1842 1 1848 1 1872 1 1880 1 1883 1 1892 1 1893 1 1898 1 1909 1 1919 1 1934 2 1937 2 1953 1 1964 1 1967 1 1969 1 1988 1 1999 2 2000 1 2015 1 2048 1 2054 2 2058 3 2077 1 2082 1 2084 1 2115 1 2127 1 2129 1 2132 1 2140 1 2141 1 2155 1 2163 1 2171 1 2190 2 2196 1 2202 2 2213 2 2234 1 2251 1 2253 1 2254 1 2266 1 2268 1 2273 2 2283 1 2284 2 2312 2 2325 1 2326 1 2331 1 2343 1 2350 1 2371 1 2374 4 2376 2 2377 1 2387 1 2389 3 2391 1 2410 3 2416 1 2440 2 2452 1 2461 1 2467 1 2481 1 2495 1 2497 1 2516 1 2517 2 2530 1 2532 2 2537 1 2551 1 2554 2 2558 1 2599 2 2607 1 2609 1 2614 1 2622 2 2631 1 2657 1 2675 1 2685 2 2688 1 2704 3 2705 1 2709 1 2740 1 2761 1 2763 2 2764 2 2779 1 2798 1 
4 1 11 1 37 1 51 1 119 1 150 1 185 1 193 1 200 1 221 1 257 2 270 1 335 2 415 3 478 2 616 1 888 1 1259 1 1262 3 1373 1 1410 1 1447 1 1514 1 1578 1 1681 3 1803 1 2093 1 2129 1 2138 1 2153 1 2161 3 2202 1 2213 1 2224 1 2343 3 2537 1 2542 1 2740 1 2796 1 
207 1 624 1 
233 1 292 1 346 1 1335 1 1983 2 
233 1 1480 1 2059 1 
134 1 144 1 186 1 200 1 233 1 249 1 257 1 266 1 350 1 358 1 366 1 378 1 415 2 445 1 498 1 547 1 548 1 647 1 656 1 693 1 714 1 715 1 740 1 741 1 745 1 756 1 775 1 782 1 833 1 871 1 951 1 992 1 995 1 1058 1 1072 1 1075 1 1087 1 1100 1 1144 1 1186 1 1199 1 1253 1 1262 2 1293 1 1295 1 1338 1 1339 1 1360 1 1427 1 1430 1 1493 1 1582 1 1601 1 1604 1 1634 2 1653 1 1681 2 1687 1 1716 1 1728 1 1779 1 1871 1 1880 1 1883 1 1898 1 2018 1 2025 1 2081 1 2093 2 2161 1 2171 1 2215 1 2229 2 2283 1 2286 1 2328 1 2330 1 2343 1 2363 1 2365 1 2415 1 2433 1 2452 1 2461 1 2530 1 2664 1 2736 1 2759 1 
4 1 11 1 16 1 18 1 33 1 51 1 68 2 75 1 82 1 103 1 119 1 121 1 131 1 134 1 150 2 151 1 175 1 182 2 194 1 198 1 199 1 200 2 204 1 213 2 214 1 225 2 229 1 233 5 242 1 244 1 249 2 257 2 259 1 267 1 270 1 296 1 304 1 305 2 313 1 322 1 327 1 338 2 344 2 364 2 376 1 378 1 385 2 394 3 445 1 446 4 470 1 473 2 478 2 485 3 487 2 495 1 498 1 501 1 503 1 507 1 521 2 539 1 587 1 590 2 594 1 604 1 618 1 622 3 656 1 691 1 694 1 707 1 708 1 713 4 723 3 742 1 743 1 758 1 759 1 774 1 778 1 805 1 808 1 819 1 830 4 836 1 847 1 857 1 858 1 888 1 896 1 904 1 911 1 927 2 932 1 935 1 939 5 942 1 962 2 964 1 968 2 987 1 994 1 995 1 1000 1 1007 2 1008 1 1022 6 1055 1 1059 1 1079 1 1083 1 1089 1 1100 1 1105 1 1109 3 1116 4 1124 2 1144 1 1182 1 1183 1 1191 1 1197 2 1216 1 1228 1 1230 1 1270 1 1306 2 1334 1 1338 1 1343 2 1354 1 1356 1 1363 2 1385 1 1386 1 1389 1 1407 3 1437 1 1439 1 1443 1 1459 1 1479 4 1493 1 1514 1 1538 1 1553 1 1564 1 1567 2 1570 1 1578 1 1584 1 1594 1 1601 1 1611 1 1621 1 1631 1 1643 1 1649 2 1658 4 1662 1 1671 1 1677 1 1708 1 1716 1 1726 2 1735 1 1744 1 1746 2 1752 1 1779 1 1785 1 1803 3 1808 1 1834 1 1836 1 1862 2 1876 1 1880 1 1883 1 1898 1 1909 2 1927 1 1934 1 1943 1 1979 1 1984 1 1985 2 2034 1 2042 1 2058 2 2059 2 2086 1 2104 1 2125 2 2129 2 2146 1 2161 1 2171 1 2202 1 2207 3 2213 1 2230 1 2281 1 2283 1 2326 1 2338 2 2343 2 2348 1 2352 1 2361 3 2367 1 2378 2 2385 6 2393 4 2394 1 2402 1 2417 2 2424 1 2430 1 2443 4 2452 1 2456 1 2461 1 2462 1 2473 1 2474 2 2508 1 2528 1 2530 1 2537 1 2553 1 2556 1 2560 1 2578 1 2580 5 2597 2 2598 1 2607 1 2609 1 2614 2 2619 2 2620 1 2623 1 2631 1 2632 1 2645 1 2688 1 2704 4 2714 1 2719 1 2721 1 2724 1 2737 1 2740 1 2763 1 2777 1 
11 1 119 1 257 1 1578 1 1836 1 2054 1 2537 1 
1363 1 
61 1 352 1 492 1 713 1 1241 2 1266 1 1446 1 1484 1 1748 1 1921 1 2187 1 2245 1 2792 1 
1363 1 2218 1 
271 1 342 1 613 1 626 1 1170 1 1200 1 1280 1 1568 1 1790 1 1986 1 2041 1 2096 1 2218 1 2237 1 2245 1 2744 1 
851 1 2042 1 2614 1 
2029 1 2302 1 
197 1 559 1 577 1 857 1 1232 1 1280 2 1726 1 2100 1 2151 1 2218 1 2435 1 2443 1 
200 1 324 1 378 1 445 1 498 1 568 1 626 1 656 1 960 1 995 1 1100 1 1144 1 1166 1 1245 1 1265 1 1280 1 1334 1 1338 1 1367 2 1401 1 1493 1 1546 1 1601 1 1716 1 1723 1 1726 1 1779 1 1880 1 1883 1 1898 1 1993 1 2057 2 2171 1 2283 1 2349 1 2452 1 2455 1 2461 1 2530 1 2537 1 
8 1 10 1 30 1 32 1 72 1 73 1 84 1 109 1 122 3 126 1 191 1 228 1 230 1 256 1 262 1 279 1 302 2 309 1 313 1 320 1 339 2 357 1 367 1 368 1 385 1 406 1 408 1 451 1 458 4 463 1 487 1 503 1 517 4 523 2 545 1 552 1 556 1 568 1 578 1 580 1 583 2 619 1 668 1 675 1 683 1 705 5 739 1 743 2 758 1 763 1 766 1 789 1 791 1 797 1 825 1 857 1 888 1 895 1 910 1 939 1 966 1 981 1 984 1 989 1 1001 1 1069 1 1106 1 1129 1 1137 1 1151 2 1166 1 1174 1 1179 1 1204 3 1208 1 1243 1 1254 1 1270 1 1299 1 1361 1 1363 1 1364 1 1404 1 1412 1 1431 1 1466 1 1474 1 1494 1 1495 1 1522 1 1554 1 1567 1 1628 1 1646 1 1649 1 1662 1 1663 1 1670 1 1681 1 1705 1 1708 1 1721 1 1736 1 1748 1 1752 1 1757 1 1761 1 1771 1 1773 1 1777 1 1798 1 1830 1 1849 1 1875 1 1876 1 1880 1 1885 1 1948 1 1987 2 1996 1 2006 1 2020 2 2036 1 2050 1 2066 1 2135 1 2155 2 2171 1 2191 1 2211 2 2254 1 2269 1 2316 1 2343 1 2378 2 2394 1 2404 1 2410 1 2420 1 2425 1 2456 1 2472 1 2495 1 2510 1 2513 1 2532 1 2536 1 2607 1 2630 1 2635 1 2637 1 2662 1 2688 1 2692 1 2701 1 2727 1 2763 1 2766 1 
246 1 315 1 523 1 682 1 1270 1 1662 1 2284 1 2690 1 2768 1 
6 1 23 1 49 1 83 1 85 1 97 1 246 1 257 1 270 1 292 1 312 1 385 1 404 2 408 2 412 1 437 1 439 1 454 1 471 1 492 1 493 1 540 1 550 1 556 1 578 1 682 3 705 5 723 1 737 2 741 2 745 1 825 1 895 1 906 1 952 1 966 1 978 1 981 1 984 1 1011 1 1013 2 1020 2 1045 1 1066 1 1071 2 1092 1 1096 1 1222 1 1295 1 1307 1 1323 2 1359 1 1364 4 1425 1 1431 1 1467 1 1521 1 1647 1 1687 4 1696 2 1724 1 1727 1 1764 1 1773 1 1809 2 1840 1 1948 1 1983 2 2037 1 2058 1 2116 1 2129 1 2131 1 2167 1 2181 1 2254 1 2371 1 2378 2 2398 1 2407 1 2413 1 2448 3 2506 2 2541 1 2543 2 2544 1 2571 1 2604 2 2607 1 2623 1 2629 1 2644 1 2690 1 2744 1 2763 1 2766 1 2774 1 
430 1 565 1 1177 1 1498 1 
17 1 26 1 37 3 48 1 104 1 134 1 160 1 173 1 184 2 220 1 223 1 229 1 256 1 285 1 295 1 296 1 298 1 302 1 303 1 306 1 377 1 393 1 394 1 399 1 422 1 446 1 458 1 465 1 577 1 595 2 597 1 605 1 648 1 656 1 658 1 682 2 686 1 687 1 698 1 700 1 705 1 706 1 713 1 750 1 761 1 795 1 812 1 857 1 871 1 882 1 884 1 897 1 928 1 955 2 977 1 982 1 984 1 1013 1 1022 1 1025 1 1041 1 1054 1 1064 1 1106 1 1130 1 1137 1 1155 1 1160 3 1180 2 1208 1 1240 1 1248 1 1281 1 1304 1 1323 1 1388 2 1394 1 1402 1 1404 1 1508 2 1514 3 1516 1 1558 1 1564 1 1579 1 1589 1 1597 1 1602 1 1613 1 1631 1 1647 2 1681 1 1685 1 1720 1 1751 1 1752 1 1754 1 1779 1 1789 1 1809 1 1813 2 1815 1 1848 1 1853 1 1856 1 1872 1 1874 2 1876 2 1877 2 1883 1 1909 1 1923 1 1932 1 1944 1 1949 1 2004 2 2010 1 2042 1 2066 1 2084 3 2123 1 2142 2 2167 1 2203 1 2247 1 2254 1 2375 1 2394 1 2409 1 2421 1 2424 1 2472 3 2478 1 2509 1 2511 1 2544 1 2569 1 2586 2 2595 1 2621 1 2631 1 2678 1 2690 1 2695 1 2720 1 2772 1 2775 1 2794 1 2795 1 2800 1 
26 1 30 1 45 1 69 1 83 2 92 1 143 2 149 1 174 1 191 1 234 1 269 1 302 1 325 1 338 1 345 1 374 1 385 1 398 1 406 1 412 1 430 1 455 1 458 1 471 1 479 1 517 1 599 1 614 1 651 1 660 1 684 4 715 1 743 1 745 1 837 1 915 1 948 1 979 1 1022 1 1024 1 1100 1 1107 1 1133 1 1151 2 1166 1 1171 1 1179 1 1182 2 1243 1 1268 1 1338 1 1363 1 1443 1 1461 1 1514 2 1541 1 1593 1 1613 1 1632 2 1669 1 1681 1 1687 3 1709 1 1735 2 1744 1 1749 2 1760 1 1777 1 1779 1 1785 1 1821 1 1830 1 1865 1 1876 1 1923 1 1934 1 1990 1 2020 1 2044 1 2137 1 2188 1 2214 1 2244 1 2309 1 2321 1 2325 1 2334 1 2392 1 2394 2 2424 1 2426 1 2438 2 2440 1 2475 1 2553 2 2607 3 2613 1 2727 1 2733 1 2784 1 
301 1 347 1 523 1 738 1 939 1 1088 1 1252 1 1528 1 1960 1 2218 1 2234 1 2266 2 
276 1 325 2 458 1 867 1 1025 1 1065 1 1149 1 1303 1 1968 1 2256 1 2332 1 2440 1 2586 1 
45 1 48 1 71 1 74 1 86 1 117 3 149 1 198 2 204 2 234 1 242 1 256 1 324 2 398 1 458 1 467 1 476 1 484 2 517 1 578 1 599 1 646 1 648 1 651 1 660 1 684 4 690 1 760 1 787 1 915 1 924 2 943 1 1194 1 1222 2 1252 1 1267 1 1338 1 1341 1 1363 1 1461 1 1553 3 1555 1 1585 1 1590 4 1613 1 1669 1 1844 1 1958 1 1960 1 2111 1 2188 1 2256 3 2463 2 2473 5 2512 2 2553 2 2607 1 2620 1 2627 1 2634 1 2727 3 2775 1 
1553 1 2473 1 
9 1 162 1 276 1 290 1 458 1 631 1 796 1 870 1 1025 1 1070 1 1218 1 1329 1 1374 1 1499 1 1626 1 1795 1 1905 1 1954 1 1968 1 2186 1 2256 1 2307 1 2332 1 2483 1 2600 1 2735 1 
5 1 10 2 24 1 30 3 31 1 34 1 38 1 43 4 45 1 48 2 50 1 121 2 134 2 149 1 161 1 178 3 187 1 189 2 198 3 202 1 203 1 204 2 211 1 234 4 241 1 242 3 248 1 249 1 259 1 267 3 271 1 276 1 277 1 281 1 285 2 286 1 287 1 293 2 299 2 302 1 309 4 313 5 315 2 316 2 323 1 327 1 335 1 336 1 356 1 383 1 384 1 386 1 387 1 396 1 398 1 404 1 458 2 464 1 469 1 474 1 487 2 501 1 511 1 533 2 544 1 556 2 560 5 577 1 588 2 594 2 599 1 600 1 602 3 625 1 651 1 660 1 663 1 677 2 678 3 684 4 707 1 713 3 745 1 751 1 759 1 760 1 795 1 805 4 808 1 811 2 815 1 823 1 825 1 838 2 848 1 850 1 857 2 892 1 897 1 908 1 922 1 933 12 934 1 939 1 972 1 1002 2 1023 1 1024 1 1025 1 1040 1 1054 1 1063 1 1068 1 1069 3 1073 1 1083 1 1099 2 1100 2 1107 1 1122 1 1127 1 1141 1 1161 1 1167 1 1168 1 1185 1 1226 1 1227 1 1229 1 1235 1 1239 1 1254 1 1265 1 1269 1 1274 1 1278 1 1284 1 1289 2 1294 1 1295 1 1307 1 1319 1 1326 1 1328 1 1338 1 1344 1 1352 4 1353 1 1363 4 1378 1 1385 3 1387 3 1406 1 1407 1 1409 1 1426 1 1436 2 1441 1 1459 4 1461 1 1473 2 1474 1 1477 1 1501 1 1507 1 1508 2 1512 1 1515 1 1519 1 1523 2 1528 2 1529 1 1537 1 1544 1 1584 1 1590 1 1597 3 1601 1 1607 1 1611 1 1613 2 1617 1 1639 1 1645 1 1661 2 1662 8 1665 1 1669 1 1678 1 1688 1 1694 1 1702 1 1711 1 1718 1 1721 3 1722 1 1723 1 1739 1 1744 4 1753 1 1758 1 1767 2 1777 1 1785 1 1789 1 1806 1 1811 1 1816 1 1827 1 1831 1 1835 2 1841 1 1843 2 1846 1 1888 1 1895 1 1926 1 1951 1 1955 1 1963 1 1968 1 2000 1 2004 4 2016 1 2020 3 2023 1 2042 1 2051 1 2052 1 2079 1 2092 1 2112 2 2121 1 2122 1 2142 1 2147 1 2155 1 2160 1 2169 3 2177 1 2188 1 2192 2 2202 1 2205 1 2207 1 2211 1 2216 3 2220 1 2222 1 2232 1 2242 1 2253 1 2256 1 2258 1 2263 2 2266 1 2270 1 2297 1 2300 1 2302 1 2315 1 2329 1 2332 1 2336 1 2341 1 2347 2 2352 2 2372 1 2377 1 2378 2 2386 1 2389 1 2394 1 2397 1 2400 1 2408 3 2432 1 2435 1 2437 1 2442 1 2443 4 2457 1 2458 1 2463 2 2468 1 2470 3 2471 1 2481 1 2487 1 2493 1 2503 1 2506 1 2525 1 2553 2 2555 1 2560 2 2572 2 2579 1 2580 1 2586 1 2590 1 2599 1 2602 1 2620 1 2630 1 2652 2 2656 1 2663 1 2665 2 2668 1 2675 1 2684 1 2688 1 2713 1 2719 2 2727 1 2780 1 2799 2 2804 1 
2 1 10 3 31 1 34 1 38 1 43 5 46 1 48 2 68 5 81 1 95 5 96 2 104 2 121 2 123 2 126 2 134 4 136 1 146 1 156 1 178 3 187 1 189 3 202 1 203 1 234 2 241 1 242 1 244 2 248 3 258 1 271 1 277 1 281 1 282 1 293 2 299 4 306 1 309 6 315 3 320 3 321 1 323 1 332 2 356 1 385 2 386 1 387 1 394 7 396 1 400 1 404 2 450 1 458 3 464 3 469 1 482 1 487 3 501 11 503 1 508 1 517 1 538 1 544 1 552 3 556 2 560 5 588 2 590 1 594 4 600 1 622 1 625 1 648 1 653 3 656 1 663 4 677 3 696 1 707 2 709 1 710 1 713 2 718 1 719 1 736 2 738 2 748 1 751 1 758 2 759 1 772 1 779 1 781 1 786 1 795 1 801 2 805 6 808 2 815 1 823 1 825 4 838 2 842 1 844 1 848 1 860 1 892 1 915 6 922 1 933 13 934 1 964 1 1001 4 1015 2 1023 1 1026 1 1041 1 1054 1 1056 1 1057 1 1059 1 1069 1 1077 2 1093 1 1094 1 1099 2 1103 3 1115 1 1116 1 1127 1 1136 1 1141 2 1162 1 1167 1 1185 1 1216 2 1226 1 1227 1 1229 1 1235 1 1240 1 1255 1 1274 1 1278 1 1281 1 1289 2 1294 1 1326 3 1327 1 1328 1 1334 2 1356 1 1357 1 1363 1 1385 3 1388 1 1406 1 1411 1 1426 1 1428 1 1436 2 1441 1 1443 2 1450 1 1458 1 1459 4 1473 2 1474 1 1501 1 1507 1 1512 1 1515 1 1529 2 1544 1 1548 1 1556 1 1560 3 1584 1 1586 1 1590 2 1601 3 1602 2 1607 2 1611 1 1617 1 1635 1 1639 1 1643 1 1645 1 1661 1 1662 2 1665 1 1670 1 1680 1 1681 1 1700 1 1702 1 1721 1 1726 1 1740 1 1744 2 1753 2 1758 1 1788 1 1806 1 1814 1 1816 1 1827 1 1831 1 1835 3 1843 1 1845 1 1872 1 1885 1 1888 1 1895 1 1896 1 1919 1 1920 1 1936 2 1941 1 1948 1 1951 1 1955 1 1963 1 1984 1 1991 1 1996 1 2000 1 2003 1 2004 8 2016 4 2019 1 2020 3 2021 1 2023 1 2027 1 2032 1 2036 1 2047 1 2058 1 2104 1 2112 2 2121 1 2126 1 2129 4 2155 1 2166 1 2167 1 2169 3 2175 1 2177 1 2183 1 2192 1 2202 1 2204 1 2211 1 2216 4 2218 1 2220 1 2222 2 2232 1 2234 2 2263 1 2270 1 2293 1 2297 1 2300 1 2302 1 2315 1 2320 1 2322 1 2329 1 2332 3 2347 2 2350 2 2368 1 2372 1 2377 1 2384 1 2386 1 2397 1 2400 1 2406 1 2408 2 2418 1 2426 1 2428 1 2442 1 2443 1 2453 1 2456 1 2457 1 2459 1 2464 2 2467 1 2468 1 2471 1 2475 1 2481 3 2486 1 2487 1 2490 1 2512 2 2514 1 2535 2 2547 1 2560 2 2579 1 2584 1 2586 1 2590 1 2607 3 2610 1 2614 1 2628 1 2637 1 2646 1 2652 2 2656 1 2665 4 2684 1 2688 3 2700 1 2719 1 2760 1 2780 2 2799 3 
31 1 43 1 45 1 48 1 67 1 83 1 88 1 94 1 96 1 97 1 98 1 149 1 153 1 156 2 184 1 196 1 199 1 204 3 215 3 231 1 234 2 237 1 243 1 249 1 271 1 276 1 285 1 289 1 315 1 316 1 330 1 333 1 337 1 351 1 361 3 372 1 375 1 379 1 398 2 401 1 406 1 422 1 424 1 425 1 458 2 474 1 484 3 519 1 554 1 565 1 578 2 599 4 618 1 651 1 653 2 660 1 669 1 682 3 684 4 685 1 690 1 766 1 779 1 795 5 799 1 802 1 830 1 838 1 856 1 869 1 888 1 913 1 920 1 939 1 975 1 984 2 990 1 1003 1 1025 1 1030 1 1087 1 1100 1 1107 1 1121 1 1125 1 1151 1 1158 1 1166 4 1179 1 1188 1 1189 1 1192 1 1197 1 1209 2 1261 1 1265 1 1272 2 1275 1 1321 1 1326 1 1327 1 1332 1 1338 1 1363 2 1377 1 1389 1 1405 3 1450 1 1459 2 1461 1 1471 1 1508 1 1517 1 1528 3 1545 1 1553 1 1556 1 1559 1 1602 1 1637 1 1647 1 1669 1 1670 2 1703 1 1711 1 1713 1 1731 1 1743 2 1744 2 1792 1 1847 3 1882 2 1920 1 1958 1 1960 1 1968 1 1974 1 1979 1 2020 1 2076 2 2109 1 2111 1 2147 1 2152 1 2164 1 2188 1 2202 1 2218 7 2234 1 2242 1 2255 2 2256 14 2266 1 2282 1 2302 4 2306 1 2318 1 2326 1 2332 1 2342 1 2343 1 2360 1 2399 1 2410 1 2414 1 2422 1 2424 1 2456 2 2462 6 2467 1 2473 2 2486 1 2543 1 2550 1 2553 2 2561 2 2562 1 2573 2 2607 1 2620 3 2629 1 2630 1 2660 1 2674 2 2688 1 2699 2 2704 3 2727 1 2789 1 
26 1 43 1 45 1 99 1 104 2 116 1 149 1 160 1 204 1 234 1 301 1 315 1 348 1 351 1 398 1 441 1 458 1 495 1 517 1 528 1 599 1 651 1 660 1 684 4 690 1 741 2 816 1 845 3 939 1 965 1 1001 6 1055 1 1083 1 1107 1 1141 1 1151 1 1153 1 1252 1 1325 1 1327 1 1338 1 1372 1 1435 1 1461 1 1477 1 1528 2 1560 2 1649 1 1662 2 1669 1 1681 1 1721 1 1726 1 1752 1 1965 1 2003 1 2006 1 2030 1 2188 1 2280 1 2284 1 2357 1 2378 2 2439 1 2470 1 2500 1 2553 2 2584 1 2607 1 2688 1 2727 1 2754 1 
249 1 470 1 525 1 859 1 939 2 1007 1 1216 1 1387 1 1613 1 1662 1 2239 1 2378 1 2580 1 2607 1 
48 1 97 1 204 1 276 1 404 1 458 1 474 1 626 1 630 1 649 1 721 1 729 1 829 1 902 1 1001 4 1025 1 1204 1 1222 1 1232 1 1332 1 1450 1 1968 1 1991 1 2013 1 2072 1 2116 1 2216 1 2256 1 2332 1 2456 2 2584 2 2620 1 2704 1 
2 1 72 1 73 1 84 1 99 1 109 1 122 3 134 1 191 1 256 2 262 1 273 1 302 2 313 1 339 3 357 1 367 1 368 1 406 2 408 3 410 1 412 1 429 1 444 1 458 1 472 1 510 1 517 4 523 1 545 1 550 2 553 1 565 3 568 1 577 1 578 1 583 2 587 1 610 1 662 2 674 1 683 1 734 1 739 1 743 2 745 2 758 1 766 1 789 1 795 2 823 1 825 2 827 1 845 1 856 1 861 1 888 1 939 1 945 1 950 1 972 1 984 3 1004 1 1028 1 1059 1 1069 2 1092 1 1106 1 1129 1 1137 1 1151 2 1178 1 1179 1 1204 3 1243 1 1270 1 1299 1 1311 1 1317 1 1341 1 1357 1 1361 1 1363 1 1364 1 1404 1 1422 1 1425 1 1468 1 1474 1 1494 2 1495 1 1554 1 1567 1 1580 1 1598 1 1603 1 1646 1 1649 1 1663 1 1679 1 1681 1 1687 1 1699 3 1708 1 1718 1 1734 1 1736 1 1748 1 1761 1 1766 1 1777 1 1830 1 1849 1 1851 1 1864 2 1870 1 1875 1 1876 1 1880 1 1885 1 1914 1 1915 1 1942 1 1949 1 1987 1 1996 1 2058 2 2066 1 2091 1 2141 1 2144 1 2155 1 2159 1 2166 1 2171 1 2191 1 2211 1 2234 3 2284 2 2316 1 2326 1 2343 1 2378 2 2394 1 2410 1 2435 1 2456 1 2495 1 2501 2 2513 1 2532 2 2536 1 2571 1 2593 1 2630 1 2635 1 2657 1 2673 1 2690 1 2727 1 2730 1 2763 1 2766 1 2781 1 2787 1 
562 1 939 1 1363 1 1514 1 1661 1 1934 1 2284 1 2770 1 
17 1 26 1 37 3 48 1 104 1 113 1 134 1 160 3 173 1 184 2 204 1 223 1 229 1 256 1 267 1 270 1 273 3 295 1 296 1 298 1 302 1 303 1 306 1 319 2 393 1 394 1 395 1 399 1 404 2 408 1 422 1 446 1 458 1 492 1 568 3 595 1 597 1 635 1 648 1 656 1 686 1 687 1 698 1 700 1 706 1 713 1 741 2 745 1 750 1 761 1 770 1 795 1 806 1 812 1 857 1 871 1 882 1 897 1 918 1 920 1 939 1 955 2 977 1 982 1 984 1 1006 1 1020 2 1022 1 1025 1 1041 1 1054 1 1064 1 1080 2 1096 1 1106 1 1107 1 1137 1 1154 2 1155 1 1160 3 1180 2 1197 2 1240 1 1248 1 1281 1 1304 1 1363 1 1388 2 1394 1 1402 1 1404 1 1434 1 1503 1 1508 1 1514 3 1516 1 1521 1 1564 1 1579 1 1589 1 1602 1 1613 1 1631 1 1680 1 1681 1 1687 3 1701 1 1720 1 1737 1 1751 1 1752 1 1754 1 1779 1 1785 1 1789 1 1813 2 1815 1 1848 1 1853 1 1856 1 1872 1 1874 2 1876 2 1877 2 1883 1 1887 2 1902 1 1909 1 1923 2 1932 1 1944 1 1983 1 1998 2 2004 2 2010 1 2011 1 2037 1 2066 1 2084 3 2099 4 2123 1 2142 2 2144 1 2189 5 2203 1 2247 1 2254 1 2323 1 2373 1 2375 1 2378 2 2394 1 2409 1 2421 1 2424 1 2478 1 2506 1 2509 1 2511 1 2544 2 2569 1 2586 2 2604 1 2631 1 2667 1 2674 1 2678 1 2683 1 2690 1 2720 1 2772 1 2773 1 2775 1 2794 1 2795 1 2800 1 
73 1 83 2 127 1 215 1 254 1 308 1 309 1 339 1 342 1 408 2 430 1 488 1 536 1 561 4 571 1 573 1 610 1 627 2 674 1 699 2 713 1 715 1 742 1 745 2 771 2 795 2 814 1 828 1 831 1 835 1 854 1 944 1 957 1 961 1 970 1 1011 1 1053 1 1061 2 1067 1 1081 1 1092 1 1143 1 1151 2 1156 1 1195 1 1243 1 1279 1 1327 2 1413 1 1425 2 1434 1 1486 1 1508 1 1551 1 1603 1 1642 1 1659 1 1673 1 1687 2 1692 1 1699 1 1713 1 1733 2 1746 1 1749 1 1766 1 1830 4 1864 2 1893 1 1897 4 2043 1 2054 1 2063 2 2068 1 2106 1 2128 1 2155 1 2166 1 2167 1 2193 1 2195 2 2197 1 2214 1 2230 1 2262 1 2276 1 2279 6 2438 1 2449 2 2466 1 2534 2 2572 1 2584 1 2607 1 2654 1 2657 1 2673 1 2674 1 2713 1 2718 1 2747 4 
242 1 574 1 593 1 621 1 830 1 891 1 964 1 1007 1 2011 1 2170 1 2262 1 2289 1 2508 1 2609 1 2618 1 2631 2 2688 1 
375 1 1362 1 2045 1 2284 1 
50 1 712 1 889 1 891 1 1239 1 1240 1 1605 1 1749 1 2080 1 2572 1 2659 1 2777 2 
134 1 835 1 939 1 1641 1 1690 1 1749 1 2001 1 2086 1 2217 1 2316 1 2570 1 2690 1 2798 1 
3 1 7 1 15 1 17 1 26 2 27 10 29 1 31 1 32 1 37 1 48 1 62 1 88 1 104 1 110 1 133 1 134 1 135 1 160 1 166 1 173 1 184 2 206 1 223 2 229 1 256 1 298 2 306 1 310 2 319 2 351 1 352 3 360 1 370 3 394 2 395 1 408 2 416 1 417 1 422 1 432 1 436 1 445 1 446 2 448 2 468 1 472 2 477 1 498 1 514 1 522 1 530 1 534 1 546 1 553 2 568 1 577 1 585 1 591 1 614 2 629 1 648 1 656 1 657 2 679 1 687 1 700 1 706 1 713 1 717 3 726 1 736 2 745 1 746 2 747 1 750 1 766 1 777 2 785 4 795 1 817 2 822 1 857 1 866 1 871 3 888 1 890 1 894 1 897 1 903 1 919 1 921 1 922 1 936 2 951 1 977 2 979 2 1022 2 1033 1 1041 1 1051 1 1054 1 1064 1 1087 1 1101 1 1120 1 1128 1 1137 2 1144 1 1145 1 1148 1 1155 1 1160 3 1164 3 1172 2 1180 2 1240 1 1244 1 1245 1 1248 1 1263 1 1268 1 1281 1 1292 1 1356 1 1363 1 1377 1 1383 1 1388 2 1390 1 1400 1 1404 1 1420 1 1442 1 1445 1 1454 1 1456 1 1465 1 1468 2 1472 1 1475 1 1478 1 1481 1 1493 1 1502 1 1516 1 1551 1 1552 1 1554 2 1563 1 1579 1 1591 2 1602 1 1613 1 1631 1 1641 1 1648 1 1655 1 1665 1 1666 1 1681 2 1682 1 1690 2 1710 1 1720 3 1754 1 1765 1 1779 1 1781 1 1787 1 1794 1 1800 2 1813 1 1815 1 1828 1 1848 1 1852 1 1872 1 1874 2 1876 1 1877 2 1880 2 1883 1 1885 1 1897 1 1898 1 1901 1 1908 1 1932 1 1938 2 1980 2 1982 1 1992 1 2003 1 2026 1 2041 2 2065 7 2076 1 2095 1 2098 1 2102 1 2105 1 2109 1 2110 1 2113 1 2123 2 2144 2 2162 1 2171 2 2178 1 2180 1 2184 1 2191 2 2201 3 2244 1 2254 1 2255 1 2274 1 2285 1 2299 1 2301 1 2339 1 2349 1 2380 2 2388 1 2412 1 2424 1 2441 1 2460 1 2461 1 2469 1 2478 1 2524 1 2531 1 2544 2 2581 1 2584 1 2589 1 2591 1 2629 1 2648 1 2710 1 2720 2 2727 2 2746 1 2747 1 2748 1 2772 1 2786 16 2792 1 2794 1 
14 1 26 4 51 1 57 3 184 1 278 1 395 3 408 1 445 1 472 1 478 4 492 1 498 1 553 1 656 1 692 2 813 3 868 1 976 2 1029 1 1120 1 1122 4 1137 1 1140 1 1144 1 1238 14 1245 1 1258 1 1282 1 1300 3 1301 1 1350 2 1392 2 1457 2 1468 1 1493 1 1500 2 1503 1 1534 2 1539 2 1554 1 1579 1 1587 1 1588 2 1641 3 1652 3 1661 6 1680 3 1690 3 1781 1 1786 1 1859 1 1880 1 1883 1 1912 2 1962 3 2003 3 2083 1 2107 1 2144 1 2145 2 2290 1 2349 4 2364 2 2461 1 2465 1 2478 1 2479 7 2559 2 2584 3 2604 1 2694 1 2697 1 2703 2 2710 1 2740 4 2772 1 
53 1 83 1 85 1 96 1 104 2 169 1 176 1 184 2 191 1 205 1 212 1 222 1 226 2 230 1 249 1 268 1 301 1 316 1 329 1 361 4 392 2 399 1 404 1 407 4 408 2 430 1 441 1 445 1 454 1 458 1 462 3 472 1 498 1 529 1 553 1 597 2 652 1 656 1 663 1 702 1 722 1 723 2 742 1 749 2 758 1 797 1 842 1 857 1 909 2 943 1 963 1 970 14 985 1 1020 2 1022 1 1044 1 1050 2 1074 1 1082 1 1104 2 1120 1 1137 1 1144 1 1147 2 1149 1 1151 3 1163 1 1166 1 1195 1 1210 1 1217 1 1222 1 1252 1 1316 1 1327 1 1334 1 1357 2 1358 1 1401 1 1408 1 1468 1 1487 1 1493 1 1501 1 1508 1 1514 2 1554 1 1560 1 1579 1 1584 2 1596 1 1641 1 1656 1 1681 1 1698 2 1714 1 1723 1 1732 1 1734 1 1752 1 1762 2 1781 1 1803 1 1804 1 1873 1 1880 1 1881 1 1883 1 1929 2 1934 1 1945 2 1946 2 1948 1 1997 3 2002 1 2011 1 2019 1 2058 2 2068 2 2120 1 2144 1 2155 1 2158 1 2166 1 2185 2 2207 1 2219 1 2238 2 2292 2 2326 1 2344 2 2362 1 2371 1 2378 1 2389 1 2443 2 2461 1 2478 1 2501 5 2523 1 2557 1 2558 2 2563 2 2604 1 2609 1 2655 1 2656 1 2658 1 2688 2 2717 2 2732 1 2754 1 2763 1 2772 1 2798 1 
39 1 65 2 73 2 126 1 171 1 184 2 199 1 212 1 217 1 219 1 230 1 255 2 271 1 315 1 329 1 339 1 408 1 422 1 425 1 445 1 459 1 472 1 475 2 498 1 553 1 569 1 578 1 580 1 590 1 609 2 656 1 666 1 680 1 707 1 754 1 755 2 839 2 852 1 856 1 898 1 963 1 1078 2 1120 1 1137 1 1144 1 1155 2 1312 1 1341 1 1346 1 1357 1 1417 2 1459 1 1468 1 1493 1 1506 1 1514 1 1525 1 1554 1 1579 1 1654 2 1721 1 1726 1 1734 1 1781 1 1831 1 1857 2 1880 1 1883 1 1884 1 1893 1 1898 1 1900 2 1916 1 1931 1 1934 1 1966 1 1976 1 1987 4 1997 1 2019 1 2058 1 2068 1 2082 1 2129 1 2144 1 2155 1 2188 1 2198 2 2200 1 2211 1 2378 1 2431 1 2461 1 2478 1 2505 1 2564 3 2691 2 2692 1 2763 1 2772 1 
35 2 55 1 106 2 160 2 184 2 201 3 204 2 267 2 354 2 359 2 389 1 402 2 408 1 445 1 460 1 472 1 493 1 498 1 508 1 537 1 553 1 578 1 598 1 611 1 640 1 655 1 656 1 724 2 742 1 804 1 850 1 864 2 897 1 917 2 937 2 988 1 1020 4 1100 2 1107 1 1120 1 1137 1 1141 1 1144 1 1155 2 1163 2 1175 1 1176 1 1232 1 1257 3 1287 1 1316 1 1341 1 1363 2 1368 1 1468 1 1493 1 1514 1 1536 2 1554 1 1579 1 1583 1 1596 2 1612 2 1635 1 1662 1 1674 2 1726 1 1752 1 1781 1 1880 1 1883 1 1898 1 1910 2 1911 2 1929 2 2007 1 2019 1 2031 2 2076 2 2122 1 2129 1 2144 1 2183 2 2229 2 2240 1 2313 1 2321 1 2356 1 2378 1 2383 1 2409 1 2461 1 2478 1 2577 1 2681 2 2741 1 2772 1 2790 1 
32 2 64 2 87 2 114 2 171 1 174 1 184 1 226 2 227 2 231 2 239 2 249 2 255 2 265 2 283 2 294 2 338 2 350 2 359 2 380 2 390 2 402 2 408 1 435 2 445 1 472 1 475 2 489 2 491 2 498 1 549 2 553 1 576 1 596 2 606 1 616 1 633 2 656 1 670 2 704 2 724 2 727 2 741 1 744 2 749 2 753 2 755 2 765 2 782 2 821 2 864 2 873 2 874 2 909 4 931 2 937 6 962 2 1016 2 1078 2 1104 2 1111 2 1120 1 1137 1 1144 1 1179 1 1207 2 1214 2 1233 2 1234 2 1253 2 1256 2 1260 2 1331 2 1370 2 1376 2 1395 2 1399 2 1424 2 1468 5 1493 1 1496 2 1511 2 1513 2 1527 1 1533 2 1536 2 1540 2 1549 2 1554 1 1579 1 1581 2 1595 2 1606 2 1612 2 1624 2 1625 2 1654 2 1672 2 1674 6 1681 3 1698 2 1730 2 1738 2 1765 2 1770 2 1781 1 1783 1 1825 2 1831 1 1855 2 1857 2 1863 2 1880 1 1883 1 1900 2 1910 2 1916 1 1917 2 1929 6 1939 2 1945 4 1946 2 1952 2 1959 2 1961 2 1978 1 1997 1 2012 2 2017 2 2031 2 2056 2 2068 1 2071 2 2087 2 2088 2 2097 2 2119 2 2144 1 2149 2 2173 2 2174 2 2198 2 2199 2 2229 4 2238 2 2241 2 2243 2 2249 1 2257 2 2294 2 2319 2 2335 2 2343 1 2358 2 2461 1 2478 1 2480 2 2519 2 2522 2 2630 4 2686 2 2698 2 2745 2 2748 2 2771 2 2772 1 2791 2 
7 1 10 1 11 1 15 2 19 1 26 2 31 2 32 1 40 1 52 1 62 1 63 2 73 1 80 2 88 1 102 4 104 1 119 4 134 1 139 1 140 1 142 2 150 1 167 1 170 1 174 2 177 1 181 4 184 1 190 10 195 1 198 1 200 1 204 1 206 4 210 1 215 1 235 1 238 4 244 1 247 1 251 1 256 2 257 1 259 1 260 1 267 2 268 1 271 1 275 1 302 6 308 2 309 2 313 1 351 1 375 1 378 1 395 1 421 2 422 2 433 1 445 1 461 1 478 9 485 1 492 1 498 2 503 1 517 3 524 1 532 1 534 1 555 5 563 1 565 1 569 1 570 1 575 1 586 1 614 2 615 1 623 1 637 1 639 1 642 2 644 1 653 1 656 1 666 1 667 1 688 1 707 3 711 1 713 1 720 2 730 1 742 2 758 1 768 1 769 2 780 1 790 1 795 2 803 1 804 1 807 3 810 1 817 1 842 1 845 1 852 1 863 1 872 1 888 2 890 1 901 1 915 2 917 1 930 1 935 3 936 4 943 1 973 1 974 1 983 1 984 1 1000 1 1019 1 1021 1 1043 1 1047 1 1052 1 1059 3 1062 1 1083 1 1090 1 1091 1 1097 1 1098 1 1100 1 1106 2 1107 1 1114 5 1122 3 1144 1 1150 2 1180 1 1184 1 1188 1 1190 1 1197 1 1200 4 1222 5 1237 1 1245 4 1266 3 1268 1 1270 1 1271 2 1289 1 1290 1 1292 1 1310 1 1333 1 1337 3 1338 1 1345 2 1355 2 1362 2 1363 2 1369 1 1377 2 1418 1 1423 1 1444 1 1455 1 1463 1 1465 1 1476 1 1478 1 1488 1 1490 1 1493 1 1504 2 1508 1 1524 1 1526 1 1543 1 1554 1 1560 1 1563 1 1571 1 1591 2 1601 1 1609 1 1630 3 1641 3 1649 1 1651 1 1655 1 1661 3 1664 1 1666 1 1670 2 1685 3 1690 2 1720 7 1725 2 1742 1 1748 2 1749 1 1773 2 1777 1 1779 1 1799 1 1815 1 1818 1 1829 1 1850 1 1852 1 1858 18 1867 1 1873 1 1880 2 1883 1 1890 1 1893 1 1897 2 1904 1 1918 1 1927 1 1929 1 1945 1 1949 1 1951 1 1967 4 1980 2 1984 1 1994 1 1995 1 2003 1 2038 1 2039 1 2041 8 2054 2 2061 1 2086 1 2090 1 2095 1 2101 1 2102 1 2111 1 2136 1 2140 1 2141 1 2142 1 2150 2 2155 1 2171 3 2178 1 2183 2 2202 3 2208 1 2216 1 2218 1 2231 2 2233 4 2242 1 2250 1 2253 1 2264 4 2274 1 2301 1 2336 2 2337 2 2349 1 2359 1 2371 5 2378 1 2380 2 2381 1 2388 1 2394 1 2397 5 2410 1 2421 1 2431 1 2443 1 2452 1 2454 5 2456 2 2461 1 2462 2 2463 2 2478 1 2502 1 2503 1 2507 1 2529 1 2532 1 2537 2 2545 2 2557 1 2565 1 2566 1 2568 2 2572 2 2580 1 2581 1 2584 1 2592 1 2601 6 2602 2 2604 1 2607 1 2609 1 2614 1 2616 2 2624 1 2626 1 2629 2 2649 1 2662 1 2672 2 2674 2 2676 1 2682 2 2688 2 2693 1 2699 1 2710 4 2718 1 2725 1 2727 5 2739 4 2740 2 2742 1 2747 2 2754 1 2757 1 2765 1 2792 1 2798 1 
10 2 31 1 90 1 126 1 141 1 147 4 157 1 168 1 230 1 232 1 342 1 385 1 399 1 405 1 406 1 418 1 422 1 433 1 478 1 503 1 509 1 552 1 556 1 583 1 586 2 602 1 618 1 639 1 682 1 743 1 779 1 780 1 795 1 808 1 843 1 856 1 943 1 969 1 984 1 997 2 1010 1 1020 1 1077 1 1090 1 1108 1 1131 1 1138 1 1219 1 1224 2 1296 1 1341 1 1349 1 1366 1 1393 1 1566 1 1649 1 1696 1 1734 1 1746 1 1752 2 1802 2 1821 2 1830 1 1840 1 1860 1 1893 1 1977 1 1989 1 2053 1 2054 1 2116 1 2120 1 2165 1 2226 1 2231 2 2242 1 2321 2 2355 1 2371 1 2390 1 2394 4 2424 1 2610 1 2650 1 2670 2 2674 1 2734 2 
1 1 10 1 12 1 13 1 21 1 26 3 36 2 44 3 76 2 77 1 89 1 97 1 100 1 104 1 111 1 120 1 124 1 138 1 143 3 155 1 157 1 165 5 171 1 172 1 173 2 174 1 179 1 180 1 184 1 188 1 196 4 198 2 199 1 204 2 209 2 216 1 224 2 233 1 240 4 242 1 244 1 252 1 253 1 256 2 257 1 263 1 267 3 283 1 288 1 289 2 291 1 297 1 301 1 307 1 308 1 309 1 311 1 313 1 314 1 315 1 317 1 329 11 331 1 351 1 353 1 355 1 362 3 363 1 369 1 379 3 381 1 382 1 383 1 391 1 398 1 404 3 413 1 414 1 420 2 422 1 427 2 429 1 434 1 438 1 451 1 452 1 453 1 471 1 486 1 490 1 492 1 494 1 506 1 516 2 520 1 527 1 531 1 534 1 535 1 537 1 541 1 551 1 557 1 558 1 565 1 567 1 568 1 578 1 579 1 586 1 589 1 601 7 602 1 607 1 612 1 616 3 626 1 628 4 632 1 634 1 650 1 652 1 659 2 664 2 665 1 671 3 673 1 683 1 689 1 690 1 695 2 701 1 703 1 725 2 733 1 735 1 757 1 758 1 767 1 769 4 773 1 792 1 793 1 799 1 804 1 810 1 832 1 841 1 845 1 846 1 850 1 853 2 855 1 857 1 865 1 869 2 876 1 879 1 883 1 887 1 893 2 899 2 904 1 912 1 913 1 915 3 916 2 924 4 925 2 945 1 949 1 952 1 958 1 962 2 963 1 977 1 980 1 991 2 994 1 996 1 997 1 1005 1 1018 1 1032 1 1036 1 1042 1 1046 1 1049 1 1059 2 1071 2 1086 1 1096 1 1105 1 1110 1 1113 2 1131 1 1132 1 1133 1 1136 1 1141 1 1155 3 1166 5 1178 4 1181 1 1184 1 1187 1 1197 1 1202 1 1203 1 1206 3 1212 1 1217 1 1236 1 1239 2 1245 2 1247 2 1249 1 1250 1 1251 1 1265 2 1266 2 1270 2 1273 2 1274 12 1277 1 1283 7 1285 1 1286 1 1288 1 1292 1 1297 1 1302 1 1318 1 1320 1 1324 2 1336 1 1338 4 1340 1 1346 6 1347 1 1362 9 1371 1 1380 1 1381 1 1384 7 1401 1 1403 1 1407 2 1414 1 1433 1 1438 1 1441 1 1451 2 1453 1 1459 2 1469 1 1470 1 1471 1 1483 2 1485 1 1487 9 1491 1 1492 1 1505 1 1508 1 1509 2 1510 1 1511 1 1530 2 1531 1 1532 1 1535 4 1542 1 1547 1 1557 1 1572 1 1577 1 1584 2 1585 2 1590 1 1597 6 1599 1 1605 2 1610 1 1613 1 1615 1 1618 1 1619 1 1622 1 1623 1 1627 1 1632 1 1633 1 1640 1 1641 1 1644 1 1648 1 1655 3 1657 1 1660 1 1661 5 1666 1 1670 1 1676 1 1680 3 1683 1 1685 1 1686 1 1687 3 1690 1 1693 1 1706 1 1717 1 1719 1 1729 2 1743 1 1750 1 1752 1 1754 1 1763 1 1768 1 1772 1 1776 1 1777 1 1779 1 1784 1 1793 1 1801 1 1805 2 1810 2 1819 1 1824 1 1826 2 1829 1 1849 1 1852 2 1854 1 1866 1 1868 1 1879 1 1880 1 1897 3 1898 8 1906 1 1907 1 1909 1 1913 1 1919 1 1925 1 1935 2 1940 1 1949 1 1950 2 1953 3 1957 1 1971 1 1972 1 1975 1 1980 1 1991 1 1994 2 2003 2 2008 2 2019 1 2022 1 2028 1 2029 3 2033 1 2035 1 2040 1 2046 1 2054 2 2055 1 2060 1 2062 1 2064 1 2068 1 2070 1 2071 1 2074 1 2075 1 2085 1 2089 1 2094 1 2095 2 2096 2 2103 1 2108 1 2124 1 2128 1 2134 1 2136 1 2140 1 2142 1 2148 1 2155 1 2156 1 2166 1 2167 1 2168 1 2172 1 2176 1 2182 1 2192 1 2206 1 2209 4 2213 1 2218 1 2220 2 2223 1 2226 1 2235 1 2236 1 2246 1 2248 1 2252 1 2253 1 2256 1 2260 1 2261 1 2264 1 2265 1 2272 1 2274 1 2277 1 2282 1 2287 1 2290 1 2295 1 2296 1 2300 2 2301 2 2302 1 2303 1 2304 1 2306 1 2308 1 2311 1 2317 1 2332 2 2333 3 2338 1 2340 1 2343 1 2349 1 2352 2 2353 1 2360 2 2369 3 2372 3 2377 1 2394 1 2395 1 2405 1 2414 2 2419 4 2423 1 2427 1 2429 1 2434 1 2438 1 2445 1 2446 1 2450 1 2451 1 2458 3 2463 2 2476 1 2479 1 2484 1 2487 1 2489 1 2492 3 2494 1 2498 1 2504 1 2506 1 2511 1 2515 3 2520 1 2522 1 2526 1 2527 1 2537 1 2543 1 2548 1 2549 1 2552 1 2567 2 2569 3 2572 1 2573 1 2576 1 2581 1 2582 1 2584 2 2587 1 2588 1 2594 1 2596 1 2603 1 2605 1 2611 1 2617 1 2620 2 2625 1 2626 1 2629 1 2633 1 2641 1 2647 1 2653 1 2658 5 2659 1 2669 2 2671 1 2672 1 2674 2 2680 1 2682 1 2684 1 2688 1 2689 1 2696 1 2699 1 2707 1 2712 1 2716 1 2721 1 2722 1 2726 1 2727 1 2729 1 2731 1 2738 1 2743 1 2744 2 2750 1 2751 1 2752 1 2753 2 2755 1 2756 1 2757 1 2758 1 2769 1 2782 1 2789 1 2797 1 2801 1 2803 1 
11 1 375 1 917 1 2136 1 2378 1 2456 1 2537 1 2607 1 
28 1 184 1 233 1 242 2 302 1 305 1 403 1 446 1 582 1 594 1 618 1 622 1 731 1 758 3 834 1 886 1 986 1 998 1 1079 1 1223 1 1334 1 1452 9 1691 2 1745 1 1803 1 1843 1 1889 1 1909 1 2192 1 2351 1 2443 2 2580 2 2620 2 
2 1 18 1 40 2 45 1 58 1 62 1 63 2 70 8 77 3 96 1 108 2 118 1 119 1 121 1 134 2 182 1 198 1 200 1 208 1 218 1 233 2 242 2 260 1 261 1 264 1 271 1 305 1 315 1 320 1 324 1 329 1 343 1 378 1 385 1 408 1 410 1 411 1 445 1 446 1 458 2 475 1 480 1 483 1 485 4 487 1 498 1 513 2 550 1 656 1 661 1 663 1 676 1 690 1 723 2 728 1 795 1 798 1 805 1 809 1 830 2 876 1 886 2 891 1 897 1 907 1 917 1 924 2 935 1 938 1 939 1 959 1 964 1 968 1 971 1 974 1 986 4 998 2 1007 2 1035 1 1039 1 1100 1 1117 1 1123 1 1135 1 1141 2 1144 1 1166 1 1201 1 1210 1 1220 1 1240 1 1265 1 1295 1 1315 3 1330 1 1333 1 1338 1 1358 1 1365 1 1366 1 1369 1 1384 1 1398 2 1416 1 1419 1 1434 1 1436 1 1438 1 1441 1 1455 1 1479 1 1487 2 1489 1 1493 1 1497 1 1526 1 1554 1 1575 1 1591 1 1592 1 1601 1 1616 1 1629 1 1663 2 1667 1 1687 1 1708 1 1759 1 1773 1 1779 1 1789 1 1818 1 1852 1 1878 1 1880 1 1883 1 1891 1 1918 1 1933 1 1953 1 1963 1 1983 1 2005 1 2033 1 2073 1 2122 1 2129 1 2143 1 2147 1 2171 1 2183 1 2197 1 2207 1 2221 1 2259 1 2275 1 2298 1 2305 1 2310 1 2401 1 2403 1 2436 1 2443 1 2452 1 2458 2 2461 1 2478 1 2482 1 2491 1 2496 1 2514 1 2533 3 2541 1 2546 4 2560 1 2574 1 2576 1 2580 1 2583 3 2636 1 2638 1 2640 1 2642 1 2645 1 2651 1 2658 1 2661 1 2670 1 2672 2 2702 2 2705 1 2706 1 2713 1 2749 1 2783 1 2785 1 2798 1 
10 2 11 2 22 3 37 4 40 1 88 1 96 1 97 1 137 1 150 4 152 1 154 1 200 1 267 1 284 1 289 1 295 1 305 2 326 1 340 1 341 1 348 1 349 1 361 1 365 7 375 1 378 1 388 1 443 6 445 1 456 1 466 1 483 1 484 4 485 1 498 1 510 1 523 1 537 1 543 1 567 2 581 1 586 1 594 1 618 1 645 2 656 1 736 1 745 1 748 2 752 1 807 1 849 3 857 1 869 2 877 1 914 1 915 1 917 1 943 1 952 1 979 1 984 1 1029 1 1031 1 1100 1 1107 1 1134 2 1139 1 1144 1 1152 1 1157 1 1165 2 1196 1 1197 1 1224 3 1229 1 1231 2 1260 1 1265 1 1269 1 1295 1 1306 4 1333 2 1334 1 1338 1 1349 3 1364 1 1369 1 1385 1 1391 3 1421 3 1432 1 1438 4 1440 1 1448 1 1455 1 1493 1 1526 1 1540 1 1554 1 1569 3 1589 1 1590 1 1601 1 1613 1 1620 7 1650 1 1661 3 1664 4 1744 1 1749 4 1773 1 1777 1 1778 1 1779 2 1818 1 1845 1 1873 1 1875 1 1880 1 1883 1 1909 1 1918 1 1919 1 2019 1 2050 1 2054 6 2111 4 2127 1 2136 1 2171 1 2242 1 2282 4 2354 1 2370 1 2378 1 2382 1 2390 1 2394 1 2440 1 2447 1 2452 1 2456 1 2461 1 2462 2 2463 1 2478 1 2537 1 2575 1 2580 4 2583 1 2602 1 2607 1 2608 1 2630 1 2644 1 2684 1 2688 2 2723 1 2757 1 
11 1 16 1 22 1 28 1 40 1 48 4 66 1 93 2 104 1 175 1 184 2 200 1 204 2 211 1 233 5 242 3 244 1 275 1 296 1 305 2 322 1 347 1 364 2 375 1 378 1 385 1 394 3 399 1 403 1 431 1 445 1 446 5 450 1 471 1 473 1 475 1 478 1 483 2 485 3 487 1 498 1 501 1 513 1 566 1 582 2 590 1 592 1 594 1 620 1 622 3 645 1 654 1 656 1 691 1 731 1 732 1 736 1 742 1 758 3 759 1 788 1 795 1 805 1 830 1 834 1 836 2 858 1 862 1 886 2 891 2 896 1 900 2 917 1 932 1 939 2 986 3 987 1 993 1 994 1 998 2 1007 1 1022 1 1042 1 1048 2 1055 3 1064 2 1079 3 1089 1 1100 1 1126 1 1144 1 1169 1 1197 2 1213 1 1222 1 1223 2 1228 1 1230 1 1270 2 1306 1 1322 1 1333 1 1334 1 1338 1 1348 1 1356 3 1369 1 1379 1 1385 1 1387 1 1405 1 1407 2 1443 1 1455 1 1493 1 1503 1 1526 1 1528 2 1532 1 1538 1 1553 1 1554 1 1584 1 1601 1 1613 2 1614 1 1631 1 1658 4 1711 2 1747 1 1749 2 1779 5 1785 2 1796 2 1803 1 1804 1 1808 1 1818 1 1834 3 1843 1 1848 1 1876 3 1880 1 1883 1 1909 2 1918 1 1927 1 1928 8 1958 2 1960 2 1962 1 1973 1 1981 1 1984 1 1985 1 2004 1 2049 1 2086 2 2118 1 2136 1 2171 1 2179 1 2192 1 2202 1 2218 1 2227 1 2336 1 2343 1 2345 1 2348 1 2367 1 2378 3 2385 4 2393 3 2417 2 2443 3 2452 1 2456 1 2461 1 2462 2 2478 1 2502 1 2508 1 2518 2 2537 1 2538 4 2546 1 2553 1 2580 6 2598 1 2601 1 2604 1 2607 1 2614 2 2620 2 2631 2 2645 2 2674 1 2679 1 2688 1 2704 1 2714 1 2719 1 2737 1 2763 1 2764 1 2777 2 2778 1 
