98 22180 8604
108 1 315 1 948 2 991 1 1085 1 1110 1 1239 5 1356 1 1420 1 1482 1 1854 1 1856 1 1863 1 1908 4 2339 1 2388 1 2530 1 2640 1 2673 1 2750 1 2787 1 2797 1 3142 3 3328 1 3399 6 3556 2 3663 1 3889 9 4157 1 4206 1 4264 1 4386 1 4636 1 4774 1 4914 2 5067 1 5169 2 5231 1 5413 1 5436 1 5440 2 5517 1 5609 2 5749 1 5934 1 6024 1 6252 1 6287 1 6623 3 6704 1 7030 1 7126 2 7285 1 7998 2 8045 4 8084 1 8202 1 8369 1 8494 1 8518 10 8577 1 8717 1 8745 1 8806 2 8914 1 8966 1 9070 1 9169 1 9342 1 9413 2 9517 1 9519 1 9963 2 10027 1 10073 1 10104 1 10225 2 10390 1 10472 2 10486 1 10626 1 10693 1 10709 1 11224 1 11589 3 11951 1 12173 1 12178 1 12383 1 12521 1 12604 1 12722 2 12741 1 12874 1 13062 1 13117 1 13751 1 13769 1 13974 1 14438 1 14916 1 14921 1 15060 1 15115 1 15397 1 16465 1 16871 3 16930 1 17049 2 17586 1 17689 2 17702 2 17797 1 17836 1 17964 2 18770 1 18895 1 18934 1 19014 1 19022 1 19398 1 19432 1 19589 1 19896 2 20015 2 20236 3 20366 1 20403 1 20483 1 20539 1 20577 1 21141 2 21216 1 21246 2 21514 1 21563 1 21623 1 21645 1 21752 1 21870 2 21980 1 22105 1 22126 1 
150 1 958 1 1389 1 1908 1 2351 1 2530 1 3399 1 3801 1 3889 1 4142 1 4829 1 5169 1 5231 2 5436 1 6859 2 6890 1 7126 1 7578 1 8045 1 8518 5 8745 1 9170 1 9569 1 9765 1 9852 1 10225 1 10624 2 11016 1 11768 1 11955 1 12741 1 13501 1 14921 1 14930 1 15044 2 15273 1 16380 1 16645 1 16871 1 16930 1 17196 1 17363 1 18439 2 19088 1 19128 1 19896 3 20635 1 20902 1 
200 1 363 1 1239 2 1255 1 1376 1 1504 1 1626 1 2009 1 2455 1 3142 1 3399 4 3889 7 3940 1 4914 1 5609 1 6039 1 6049 1 6079 1 6107 1 6154 1 6287 2 6416 1 6423 1 6562 1 7175 1 7285 2 7352 1 7583 1 7724 1 7998 1 8045 2 8369 1 8462 1 8745 1 8757 2 9022 1 9177 1 9289 1 9648 1 9992 1 10225 1 10588 1 10654 1 10727 1 11589 1 11852 1 12341 1 12619 1 13062 2 13298 1 13710 1 13901 1 14162 1 14249 1 14338 2 14527 2 14893 1 14916 5 15296 1 16003 1 16719 1 16930 2 17197 1 17530 1 17910 1 17998 1 18648 1 18830 1 19589 2 19753 1 20103 1 20882 1 20903 1 
150 1 891 1 1726 1 2351 1 3556 2 3889 1 6080 1 6859 1 8045 1 8518 4 8956 1 9411 1 10027 1 10104 1 10225 2 12341 1 13501 1 14240 1 14916 2 14921 1 15561 1 19896 1 20071 1 20111 1 20159 1 20687 1 20882 1 
117 1 200 1 203 1 638 1 1239 3 3142 1 3399 1 3439 2 3556 1 3644 1 3889 2 4223 1 4914 1 5436 2 5902 1 6094 1 6097 1 6249 1 6294 1 6645 1 7081 1 7175 2 7337 1 7352 1 7527 1 7536 1 7583 1 7724 1 7917 1 8518 4 8914 1 9380 1 9574 1 9661 1 10104 2 10225 1 10709 1 11374 1 11473 1 12474 1 13312 1 13859 2 13901 1 14916 2 15060 1 15397 2 15860 1 16574 1 16867 1 17659 1 17997 1 18881 2 18963 2 19014 2 20072 3 20443 1 21049 1 21364 2 21499 2 21890 1 
1239 1 3142 1 3399 1 4914 1 6623 2 8045 1 8757 1 9413 2 9944 1 10225 1 14634 1 16691 1 
84 1 107 1 200 1 257 1 281 1 351 1 403 1 638 1 670 2 824 1 830 1 845 1 864 1 1016 3 1238 2 1239 5 1284 1 1356 1 1504 1 1592 1 1596 1 1600 2 1668 1 1726 2 1771 1 1778 1 1841 1 1873 1 2009 1 2203 1 2300 1 2388 1 2428 1 2455 2 2530 1 2675 1 2750 1 2895 1 3024 1 3054 2 3142 3 3165 1 3260 1 3328 1 3374 1 3399 8 3468 1 3476 1 3556 1 3565 1 3644 1 3883 1 3889 13 3953 1 4097 2 4154 3 4295 1 4383 1 4386 1 4426 1 4588 1 4631 2 4662 1 4695 1 4716 3 4747 1 4787 1 4847 1 4914 8 5007 1 5090 1 5216 1 5219 4 5231 2 5232 1 5351 1 5385 1 5436 2 5484 1 5747 1 5749 2 5819 2 5839 1 5850 1 5882 1 5902 3 5915 1 5970 1 6094 1 6107 1 6159 1 6188 1 6249 1 6252 2 6317 1 6347 4 6368 1 6373 1 6546 1 6587 1 6641 2 6645 1 6709 1 7030 1 7081 1 7175 1 7231 1 7238 1 7285 1 7337 3 7466 1 7527 2 7566 1 7583 1 7643 1 7716 1 7724 1 7737 1 7801 2 7821 1 7917 1 7923 2 8045 10 8084 2 8185 1 8202 4 8330 1 8362 1 8462 1 8494 7 8518 11 8564 2 8577 2 8638 2 8806 1 8866 2 8914 12 8972 1 9177 1 9239 1 9313 1 9324 1 9401 1 9556 1 9563 1 9673 2 9760 1 9852 1 9907 1 9957 1 9963 2 10027 3 10104 1 10126 1 10225 2 10407 1 10472 4 10565 1 10624 3 10709 11 10723 1 10738 2 10866 1 10872 1 11221 3 11469 1 11499 2 11589 2 11679 1 11682 1 12010 1 12075 1 12165 2 12341 3 12474 3 12517 1 12647 1 12664 1 13117 1 13140 2 13210 1 13298 2 13312 2 13340 1 13393 1 13490 3 13721 1 13727 1 13817 1 13859 1 14093 1 14183 1 14293 1 14335 1 14438 1 14452 1 14527 1 14551 1 14634 1 14916 12 15049 1 15060 3 15115 1 15157 3 15187 3 15248 2 15293 2 15427 1 16021 2 16034 1 16176 1 16218 1 16246 1 16447 1 16478 3 16515 2 16691 3 16764 1 16871 4 16875 1 16967 5 16982 1 17049 1 17132 2 17196 1 17493 1 17530 3 17576 1 17618 2 17792 4 17801 1 17910 2 17926 1 17964 1 18010 1 18067 1 18291 6 18398 1 18600 2 18687 1 18748 5 18769 1 18826 1 18830 2 18845 1 18881 1 18958 1 18963 5 19398 1 19432 1 19479 1 19626 1 19685 1 20022 1 20141 1 20159 1 20163 1 20539 1 20588 1 20664 2 20923 1 21049 1 21085 1 21173 1 21212 1 21252 2 21261 1 21364 5 21563 2 21569 1 21720 1 21960 2 21997 1 
6 1 117 1 150 1 370 1 545 2 582 1 793 1 944 1 1151 1 1657 1 1943 1 2246 2 2282 1 2641 1 2671 1 2920 1 2929 1 3102 1 3142 1 3167 2 4069 1 4223 1 4433 1 4758 4 4882 1 5231 1 5440 1 5707 1 5749 1 5934 1 6099 1 6843 1 7626 1 7716 1 8012 1 8045 1 8129 1 8518 3 8762 1 8972 1 9022 1 10214 1 10225 1 11050 2 11119 1 11499 1 11592 1 11825 3 11983 1 12274 1 12974 1 13192 2 13261 1 13363 1 13605 2 13769 1 13793 1 14839 4 14916 1 15049 1 15634 3 16458 1 16544 1 16975 1 17324 1 17411 1 17449 1 17530 1 17709 2 17755 2 17913 1 18048 1 18349 1 18598 1 18664 2 18715 1 18814 2 18840 1 19160 2 19472 1 19795 1 19906 3 20170 1 20403 2 20701 2 21547 1 21870 1 21890 1 22173 1 
545 1 894 1 2641 2 2669 1 2673 1 3269 1 3472 1 4667 1 4775 1 5607 2 8045 1 8757 2 9060 1 9272 1 9944 1 11046 2 11065 2 11499 1 11734 2 13602 1 13605 1 15750 1 16691 1 16820 1 16930 2 17530 1 18206 2 18644 2 19160 1 19220 1 19266 1 19605 1 19658 2 21870 2 
894 1 1668 1 1882 1 1919 1 2213 1 2627 1 3010 1 3333 1 3889 1 4914 1 4970 1 8045 2 8494 1 10114 1 10779 1 11541 1 13605 1 13784 1 16408 1 17538 1 18309 1 18630 1 18934 1 18963 1 20218 1 21418 1 21660 1 21821 2 21870 3 
115 1 117 1 135 1 146 2 150 1 232 3 249 1 281 1 312 1 457 1 523 1 536 2 545 1 650 1 673 1 724 1 792 1 873 1 903 1 914 1 1020 5 1029 1 1038 1 1049 1 1146 1 1211 1 1239 2 1255 1 1336 1 1356 1 1425 1 1426 1 1465 1 1486 3 1569 1 1725 1 1746 1 1756 1 1906 1 1908 4 1919 1 1943 1 1963 4 1973 3 2024 1 2197 1 2199 1 2216 1 2237 1 2240 2 2246 1 2291 1 2342 1 2486 2 2671 2 2724 1 2757 1 2767 1 2833 1 2881 1 3010 1 3016 2 3142 2 3203 1 3219 1 3302 1 3328 1 3343 1 3385 1 3399 2 3412 1 3556 1 3615 1 3831 3 3878 1 3889 11 4088 1 4142 1 4225 1 4310 1 4588 2 4616 1 4652 1 4662 1 4702 1 4752 1 4758 1 4775 1 4791 4 4813 1 4829 1 4914 2 4955 3 5052 1 5218 9 5219 1 5231 1 5343 1 5440 1 5501 2 5588 1 5592 1 5697 1 5779 1 5819 1 5827 1 5852 1 5936 1 5940 1 5954 1 5968 1 6107 2 6135 4 6196 1 6201 1 6287 5 6371 1 6386 2 6432 1 6561 3 6684 1 6836 1 6839 1 6843 5 6859 1 6890 3 6984 1 7098 1 7157 1 7180 1 7337 1 7352 1 7363 1 7410 1 7467 1 7578 1 7608 1 7691 2 7715 1 7716 2 7755 3 7887 1 7970 1 7998 1 8045 3 8114 2 8129 2 8185 1 8195 1 8202 3 8218 1 8366 1 8369 2 8486 1 8518 9 8564 3 8638 1 8720 2 8806 2 8829 1 8877 1 8914 4 8933 1 9060 1 9124 1 9342 1 9365 1 9411 1 9451 1 9519 1 9581 1 9661 1 9673 2 9760 1 9765 1 9783 6 9819 1 9921 1 9933 2 10027 1 10104 2 10225 2 10287 1 10333 1 10344 1 10444 1 10515 1 10524 1 10540 2 10624 1 10626 1 10693 2 10709 4 10913 1 11016 1 11054 1 11105 1 11119 2 11244 1 11293 11 11353 1 11359 1 11411 1 11418 1 11473 2 11499 1 11589 1 11602 1 11658 1 11683 3 11757 2 11771 2 11906 1 12064 1 12173 1 12317 1 12341 1 12443 1 12655 1 12662 5 12664 2 12722 1 12856 3 12887 1 13062 9 13189 1 13192 1 13524 1 13655 1 13677 1 13793 1 13851 1 13876 1 13879 1 13923 1 13938 3 14002 1 14068 1 14212 1 14438 2 14527 1 14529 1 14644 1 14738 1 14812 1 14916 1 14947 1 14990 1 15083 2 15115 1 15190 1 15242 1 15245 1 15273 1 15298 2 15319 1 15328 1 15354 1 15355 1 15356 1 15367 1 15383 1 15397 1 15508 4 15583 1 15620 3 15730 1 15904 1 15918 4 16044 1 16176 1 16380 2 16465 4 16478 1 16491 3 16711 1 16757 1 16764 1 16871 3 16875 1 16904 2 16930 2 17021 1 17036 1 17049 1 17331 2 17345 1 17499 1 17579 1 17687 1 17701 1 17709 1 17723 1 17733 1 17738 2 17741 1 17858 1 17893 1 17910 1 17913 1 17935 3 17974 1 18034 1 18067 1 18071 1 18095 1 18206 1 18268 1 18304 1 18312 1 18349 1 18400 1 18444 1 18460 1 18466 1 18644 1 18665 3 18830 2 18867 1 18877 1 18881 3 18884 1 18909 1 18926 1 19012 4 19030 2 19039 1 19067 1 19070 2 19105 1 19121 2 19160 1 19248 2 19362 2 19366 1 19398 2 19589 9 19612 1 19753 1 19836 1 19886 1 19896 1 19953 1 19978 1 20013 1 20066 1 20111 2 20123 1 20309 1 20458 1 20635 2 20663 1 20691 1 20701 1 20882 1 20916 1 20967 2 20990 2 21049 1 21119 1 21246 1 21311 1 21378 1 21623 2 21665 2 21707 1 21708 1 21729 2 21732 1 21735 1 21821 1 21870 3 21890 1 21895 1 22106 1 22126 1 22160 1 
6 1 115 1 117 1 150 1 159 3 203 2 312 1 345 1 370 1 457 1 536 1 545 1 655 2 914 1 944 1 1049 3 1211 1 1239 1 1356 1 1465 1 1569 1 1657 1 1995 1 2197 1 2641 1 2671 2 2881 1 2920 1 3142 1 3167 2 3260 1 3343 1 3385 1 3399 2 3463 1 3779 1 3831 4 3878 2 3889 3 4223 2 4225 1 4659 1 4683 1 4758 2 4829 2 4882 1 4914 6 5218 1 5343 1 5345 2 5440 1 5462 1 5496 1 5707 1 5749 1 5858 1 5934 6 5954 1 5968 1 6099 6 6559 1 6623 2 6671 1 6685 1 6836 1 6839 1 6843 3 7010 1 7410 1 7626 1 7716 2 7923 1 8129 1 8298 3 8303 1 8369 2 8494 1 8518 3 8564 2 8864 6 8914 3 8972 1 9445 2 9634 1 9673 1 9938 1 10225 3 10626 1 10631 1 10709 3 10824 1 11095 2 11499 2 11609 1 11848 1 11947 2 11983 1 12129 1 12305 1 12918 1 12974 1 13192 1 13258 1 13363 1 13605 1 13655 1 13793 3 14008 1 14068 1 14199 1 14340 1 14527 1 14760 1 15115 1 15354 1 15423 6 15634 2 15904 1 16477 1 16478 2 16831 3 16871 1 17181 2 17324 1 17345 1 17411 1 17576 1 17709 1 17755 1 17864 1 17913 1 18349 1 18715 7 18814 2 19105 1 19160 1 19328 1 19398 2 19612 1 19795 1 19836 1 20049 1 20170 1 20250 2 20309 2 20403 2 20701 2 20801 1 21522 1 21547 1 21623 2 21732 1 21870 1 21941 2 22126 1 22173 1 
115 1 117 1 150 1 312 1 370 1 536 1 545 1 914 1 944 1 1211 1 1239 1 1356 1 1465 1 1569 1 1657 1 2197 1 2641 1 2920 1 3142 1 3167 2 3399 1 3889 3 4223 1 4758 1 4882 1 5440 1 5707 1 5749 1 5934 5 5954 1 5968 1 6099 1 6836 1 6843 1 7410 1 7626 1 7716 2 8129 1 8518 2 8564 2 8914 3 8972 1 9673 1 10225 2 10626 1 10709 3 11499 2 11983 1 12974 1 13192 1 13363 1 13605 1 13655 1 13793 4 14068 1 15115 1 15354 1 15634 2 15904 1 16478 1 17411 1 17709 1 17755 1 17913 1 18349 1 18715 1 18814 2 19105 1 19160 1 19398 2 19795 1 19836 1 20170 1 20309 1 20403 2 20701 2 21547 1 21623 2 21732 1 21870 1 22126 1 22173 1 
17 1 38 1 117 2 125 1 200 2 281 2 312 1 403 1 536 1 638 1 670 1 824 1 830 1 914 1 1016 1 1082 2 1211 1 1239 1 1284 1 1356 1 1465 2 1504 1 1569 1 1592 1 1596 1 1600 2 1726 1 1771 1 1778 1 1908 1 2009 1 2197 1 2203 1 2388 1 2407 1 2428 1 2530 1 2641 1 2660 2 2673 1 2675 1 2750 1 2919 1 2973 1 3024 1 3054 2 3068 1 3071 1 3142 2 3165 1 3167 1 3219 1 3260 1 3399 8 3476 1 3556 1 3883 1 3889 22 3950 1 4097 2 4223 1 4236 1 4295 1 4383 1 4426 2 4588 1 4649 1 4695 1 4747 1 4787 1 4847 3 4882 2 4914 7 4936 2 5007 1 5090 1 5169 2 5216 1 5219 1 5231 1 5232 1 5440 1 5592 1 5747 1 5749 4 5819 1 5850 1 5879 1 5882 1 5902 2 5915 1 5934 1 5951 1 5954 1 5968 1 5970 1 6024 1 6094 1 6188 1 6249 1 6252 3 6317 1 6347 4 6368 1 6373 1 6523 2 6587 1 6641 2 6645 1 6709 1 6815 3 6836 1 6843 1 6859 1 6996 1 7030 1 7081 1 7087 1 7128 1 7238 1 7285 1 7337 3 7410 1 7527 3 7626 1 7643 1 7662 1 7716 1 7801 1 7821 1 7923 1 7998 1 8045 10 8084 2 8202 3 8330 1 8362 1 8369 1 8494 6 8518 10 8564 3 8567 1 8577 2 8638 2 8757 2 8806 2 8866 2 8914 16 8934 1 9022 1 9239 1 9313 1 9342 1 9365 1 9401 1 9556 1 9673 2 9674 1 9700 5 9760 1 9789 1 9819 1 9852 1 9907 1 9963 2 10027 2 10149 2 10225 2 10407 1 10472 3 10565 2 10624 2 10626 1 10670 1 10709 14 10727 1 10738 2 10780 1 10866 1 11221 2 11456 1 11469 1 11497 2 11499 2 11589 4 11682 1 11910 1 11983 1 12075 1 12165 2 12248 1 12474 3 12647 1 12664 1 13082 1 13117 1 13140 2 13192 2 13210 1 13340 1 13490 3 13605 1 13655 1 13727 1 13784 1 13817 1 14068 1 14093 2 14249 1 14335 2 14438 1 14536 1 14551 1 14634 1 14839 1 14850 1 14916 13 14921 1 14940 2 14972 1 15041 4 15049 3 15060 3 15115 1 15157 1 15187 3 15229 1 15248 2 15293 3 15354 1 15427 1 15457 1 15583 1 15648 1 15904 1 16021 2 16034 1 16176 1 16254 1 16380 2 16478 1 16515 2 16691 5 16764 1 16826 1 16871 5 16967 5 16982 1 17049 1 17132 2 17215 1 17302 1 17451 1 17493 1 17530 4 17618 2 17709 1 17792 6 17801 1 17827 1 17893 1 17910 2 17926 2 18010 1 18067 1 18225 1 18286 1 18398 1 18600 2 18630 3 18748 3 18769 1 18826 1 18830 2 18881 1 18958 1 18963 5 19020 1 19056 1 19073 2 19105 1 19235 1 19375 1 19398 2 19432 2 19479 1 19612 2 19626 1 19685 2 19931 1 19940 1 19953 1 20015 3 20071 1 20111 2 20141 2 20257 1 20309 1 20357 1 20588 1 20606 1 20664 2 20882 1 21013 1 21049 1 21173 1 21212 1 21261 1 21364 5 21547 1 21563 2 21569 1 21583 1 21623 2 21732 1 21752 1 21870 1 21960 1 21980 1 22126 1 22160 2 
117 2 125 1 1049 1 1082 1 1465 1 2641 1 2860 1 2929 2 3073 1 3219 1 3399 1 3878 1 3889 2 4223 1 4882 2 5169 1 5218 3 5219 1 5231 2 5501 1 5934 2 6099 1 6287 3 6523 1 6623 2 6843 1 6859 1 7626 1 7998 3 8369 3 8518 1 8757 2 9819 1 10225 1 11095 1 11589 1 11710 1 11983 1 12077 1 12394 1 12480 1 12502 1 13062 3 13192 2 15124 1 15229 1 16691 1 17451 1 18693 1 18715 1 18748 1 19030 1 19073 1 19589 3 19612 2 21547 1 21870 1 
8305 1 8369 1 9912 1 10027 1 11293 1 
107 1 1553 1 3889 2 5630 1 8369 1 10588 2 14916 1 17881 1 
107 1 8757 1 9272 1 20121 1 
107 1 117 1 312 1 536 1 620 1 749 1 770 1 914 1 1137 1 1211 1 1239 2 1356 1 1465 1 1569 1 1908 1 1929 1 2179 2 2197 1 2400 1 3142 3 3302 1 3399 1 3556 2 3831 2 3889 4 4036 1 4511 1 4588 1 4649 1 4914 1 5218 1 5301 1 5954 1 5968 1 6258 1 6276 1 6280 1 6287 2 6836 1 6976 1 7038 1 7410 1 7515 1 7716 1 7777 1 7899 1 7998 1 8008 1 8564 2 8864 1 8914 3 9269 1 9445 1 9673 1 10091 1 10472 1 10626 1 10709 3 11093 1 11293 1 11499 1 11852 1 12677 1 12722 1 13015 1 13062 2 13427 1 13655 1 13705 1 13721 1 13901 1 14068 1 14192 1 14251 1 14716 1 14952 1 15115 1 15296 1 15298 1 15354 1 15361 1 15423 1 15904 1 16399 1 16478 1 16998 1 17024 1 17181 1 17530 1 17709 1 17738 2 17987 1 18112 1 18394 1 18890 1 19022 1 19030 2 19105 1 19176 1 19398 2 19562 1 19589 2 19723 1 20094 1 20309 1 20490 1 20882 1 21623 2 21732 1 22126 1 22157 1 
87 1 107 5 117 2 125 1 146 2 281 1 288 3 312 1 323 1 345 1 368 1 380 1 403 1 536 1 687 1 792 1 914 1 1082 1 1211 1 1239 1 1272 1 1284 1 1356 1 1376 1 1397 1 1465 2 1551 2 1569 1 1716 1 1726 1 1943 3 2009 2 2180 1 2197 1 2203 1 2344 1 2355 1 2530 1 2641 1 2660 1 2673 1 2920 1 3042 1 3142 1 3203 1 3219 1 3363 1 3399 1 3472 3 3544 1 3889 11 3940 2 4223 1 4225 1 4230 1 4283 1 4424 1 4618 1 4657 1 4662 6 4752 1 4774 1 4829 2 4882 2 4984 1 5169 4 5218 1 5219 3 5265 1 5343 1 5412 2 5440 1 5588 1 5592 1 5595 2 5609 1 5710 2 5819 4 5877 1 5934 3 5954 1 5968 1 6136 2 6176 1 6201 1 6249 1 6300 1 6523 3 6548 3 6623 3 6667 2 6717 1 6763 1 6815 2 6836 1 6843 1 6844 1 6859 1 6890 5 6931 2 7142 1 7267 1 7285 1 7288 1 7349 1 7371 1 7410 1 7507 2 7513 1 7566 3 7601 1 7626 1 7662 1 7691 2 7693 1 7716 1 7801 2 7807 1 7811 1 7858 1 7998 2 8045 9 8053 1 8202 10 8303 1 8369 6 8433 2 8518 18 8564 2 8684 2 8757 24 8769 1 8775 4 8914 3 9022 1 9060 2 9092 1 9138 1 9272 2 9289 1 9351 2 9411 1 9427 4 9451 4 9519 5 9529 1 9632 1 9673 1 9819 1 9852 1 10027 6 10095 2 10225 3 10311 1 10410 1 10486 2 10524 1 10626 1 10709 3 10855 2 10896 1 10928 2 11095 2 11256 3 11317 2 11499 1 11589 2 11641 1 11818 2 11947 2 11951 1 11983 1 12192 1 12200 6 12266 1 12310 1 12341 11 12521 1 12562 1 12613 1 12650 1 12787 1 12853 1 12874 1 12958 1 12981 2 13012 1 13042 1 13093 1 13141 1 13192 4 13257 4 13265 1 13312 1 13359 2 13393 11 13590 1 13600 3 13655 1 13762 1 13926 1 13953 2 13960 1 14068 1 14079 1 14240 1 14338 1 14558 1 14674 1 14849 2 14916 9 15077 1 15115 1 15157 1 15187 4 15196 1 15229 1 15298 1 15354 1 15355 1 15383 1 15430 1 15501 2 15645 1 15735 1 15773 1 15848 1 15904 1 16306 4 16377 1 16465 1 16478 1 16517 1 16691 10 16714 1 16820 2 16871 10 16875 4 17038 1 17119 1 17451 2 17530 3 17594 1 17709 1 17899 2 18206 3 18263 1 18362 1 18422 1 18448 1 18511 2 18598 2 18684 1 18735 4 18748 1 18781 2 18816 1 18826 2 19048 1 19073 1 19105 1 19398 2 19481 1 19521 1 19612 2 19663 1 19733 1 19866 1 19896 1 20057 1 20071 1 20111 1 20159 1 20163 1 20236 1 20262 1 20309 1 20403 1 20539 1 20626 1 20663 1 20734 1 20809 1 20882 2 20967 2 21069 1 21141 1 21234 2 21246 5 21362 1 21490 1 21547 1 21623 2 21732 1 21821 1 21870 1 21961 2 22126 1 22164 1 
117 1 2641 1 4223 1 4882 1 5934 1 6843 1 7626 1 8518 1 10225 1 10524 1 10624 1 11983 1 13192 1 21547 1 21870 2 
4829 1 21870 1 
693 1 1038 1 2258 1 3010 1 3683 1 3889 1 5102 1 5819 1 9783 1 11293 1 12129 1 12391 1 13048 2 16613 1 18040 1 
4791 1 4829 1 21870 2 
1020 1 1756 1 2386 1 2486 1 3889 1 4433 1 4616 1 4758 1 4791 1 4914 1 9903 1 11293 1 12129 1 13972 1 14212 1 16246 1 18644 1 19328 1 20864 1 
18826 1 21529 1 21821 1 21870 1 
1124 1 3889 1 18881 2 20371 1 
863 1 3061 1 3203 1 3386 1 3556 1 4791 1 7691 1 8757 1 9451 1 11757 1 13543 1 15242 1 16691 1 18644 2 19649 1 21870 2 
312 1 536 1 914 1 1211 1 1239 1 1356 1 1465 1 1569 1 2197 1 2641 1 3142 1 3260 1 3399 1 3889 4 4616 1 4775 1 4787 1 4832 2 5954 1 5968 1 6301 1 6451 1 6836 1 7410 1 7691 1 7716 1 8045 1 8564 2 8806 1 8914 3 9673 1 10626 1 10709 3 10779 1 11499 1 11717 1 12560 1 13093 1 13512 2 13655 1 14068 1 15115 1 15354 1 15904 1 16478 1 16930 1 17709 1 18644 1 19105 1 19195 1 19398 2 20309 1 21137 1 21623 2 21732 1 22126 1 
106 1 115 1 181 1 223 1 315 3 511 1 553 1 673 1 719 1 832 1 873 1 914 1 1146 3 1356 1 1601 1 1666 2 2155 1 2258 1 2264 1 2364 1 2499 1 2640 1 2660 1 2673 1 2717 1 2794 1 2821 2 2920 1 3203 1 3219 1 3328 1 3642 1 3652 1 3663 1 3784 2 3870 2 3889 23 3940 2 3990 1 4168 1 4216 1 4264 1 4636 1 4747 1 4829 1 4847 1 4882 1 5058 1 5169 5 5231 1 5440 1 5592 1 5749 1 5798 1 5915 1 5962 1 6192 1 6287 1 6300 1 6613 1 6706 1 7073 4 7126 1 7334 1 7337 1 7507 1 7662 1 7715 1 7729 1 7998 1 8053 1 8084 1 8202 2 8362 1 8369 2 8381 1 8518 4 8564 1 8577 1 8806 1 8914 2 8956 1 8966 1 9015 1 9057 1 9060 1 9365 1 9574 1 9673 1 9678 5 9835 1 9852 1 9899 1 9909 1 9949 1 10001 1 10061 1 10104 2 10225 1 10390 1 10472 3 10619 1 10625 1 10709 2 11054 1 11499 1 11589 1 11654 1 11951 1 11983 2 12341 2 12383 1 12604 1 12629 1 12664 4 12722 2 13279 1 13281 1 13308 1 13412 2 13490 1 13504 1 13696 1 13769 1 13793 1 13968 1 14428 1 14438 2 14916 3 14921 2 15060 1 15119 1 15263 1 15293 1 15356 1 15397 2 15402 1 15595 1 15620 1 15736 1 15800 1 15918 1 16084 1 16791 1 16859 1 16920 1 16930 1 16982 1 17013 1 17049 1 17099 1 17530 2 17689 1 17709 1 17723 1 18281 1 18588 1 18781 1 18809 1 18830 1 18934 1 18963 3 19014 1 19533 1 19733 1 20212 1 20217 1 20236 1 20539 1 20573 1 20606 1 20773 1 20775 1 20916 1 20942 1 20967 1 21141 2 21246 1 21449 1 21623 2 21870 1 22105 1 22126 1 
112 1 150 1 2821 1 5592 1 7175 1 7662 1 8202 1 8369 1 13751 1 16380 1 17964 1 18963 1 21870 2 
112 1 117 1 125 1 200 2 212 1 620 1 707 1 1239 5 1253 1 1255 1 1817 1 1914 2 2009 1 2455 1 2660 1 2671 2 2673 1 2967 1 3010 1 3143 1 3889 8 3940 2 4206 1 4636 1 4660 2 5016 1 5231 1 5397 2 5508 1 5630 1 5709 1 5749 1 5983 1 6039 1 6080 1 6552 1 6750 1 6815 1 6850 1 7126 1 7175 3 7196 2 7334 1 7337 1 7352 2 7566 1 7715 1 7737 2 7917 1 8045 2 8202 1 8290 1 8518 3 8564 1 8872 1 9365 1 9434 1 9517 1 9661 1 9662 1 9678 5 9874 1 10061 1 10225 2 10472 1 10588 2 10625 1 11261 1 11499 1 11580 1 11852 4 12310 1 12341 2 12383 1 13136 1 13490 1 13605 1 13620 1 13901 1 14249 1 14346 1 14527 2 14916 14 15083 3 15296 2 15687 1 15918 4 16003 1 16316 1 16619 1 16859 2 16873 1 17141 1 17197 1 17451 1 17530 2 17565 1 17964 1 18540 1 18872 1 18881 1 18963 1 19016 2 19328 1 19354 1 19375 1 20058 1 20212 1 20213 2 20552 1 20967 1 21049 1 21364 1 21651 1 
5219 1 8518 2 8757 1 10027 1 14452 1 14916 2 16867 1 17380 1 18291 1 
115 1 135 1 312 1 673 1 792 1 845 1 864 1 1016 3 1238 1 1239 2 1255 1 1356 2 1668 1 1725 1 1746 1 1764 1 1869 1 1906 1 1958 1 1973 3 2199 1 2246 1 2291 1 2342 1 2711 1 2724 1 2895 1 2902 1 2911 1 3061 1 3203 1 3328 1 3468 1 3889 7 3990 3 4588 1 4631 2 4660 1 4662 1 5065 1 5219 1 5343 1 5385 1 5484 1 5501 3 5819 1 5839 1 5902 1 6287 1 6371 1 6373 1 6546 1 6890 2 7073 1 7157 1 7175 2 7180 1 7337 1 7363 1 7716 1 7737 1 7801 1 7917 1 8185 1 8195 1 8202 1 8218 1 8494 2 8518 2 8564 2 8638 1 8914 4 8915 2 8933 1 8972 2 9124 2 9365 1 9542 1 9563 1 9673 2 9678 1 9957 1 10056 1 10075 1 10126 1 10225 1 10344 1 10407 1 10472 1 10515 2 10540 2 10709 4 10723 1 10857 1 11074 1 11221 1 11359 1 11658 1 11679 1 11951 2 12010 1 12385 1 12530 1 12583 1 12722 2 13189 1 13827 1 13876 1 14183 1 14831 1 14916 1 15082 1 15157 1 15298 1 15319 1 15328 1 15353 1 15355 1 15397 1 15469 1 15638 1 15730 1 15800 1 16040 1 16176 1 16332 2 16447 1 16478 3 16757 1 16764 1 16871 1 16875 1 16904 3 16966 1 17331 2 17345 2 17576 1 17893 1 17910 1 17964 1 18067 1 18206 1 18687 1 18748 3 18758 2 18840 1 18881 1 18912 1 18963 1 19014 1 19016 1 19039 1 19254 1 19398 1 19521 1 19753 1 19953 1 20013 1 20163 1 20217 1 20236 1 20539 1 20903 1 20923 1 21311 1 21364 2 21559 1 21720 1 21729 2 21732 1 21795 2 21821 1 21870 1 21997 1 
20 1 61 1 108 1 186 1 281 1 536 1 541 1 1085 1 1132 1 1239 3 1356 1 1908 1 2009 1 2584 1 2673 3 2894 1 2926 1 2967 1 2999 1 3142 2 3556 2 3608 1 3663 1 3784 1 3889 12 4264 1 4374 1 4507 4 4662 1 4663 1 4752 2 4829 1 4882 1 5051 1 5058 1 5169 2 5231 1 5343 1 5352 2 5505 1 5709 1 5785 1 5878 1 6176 1 6287 1 6567 1 6836 2 6890 1 7073 1 7693 2 7716 1 8302 1 8369 2 8497 1 8518 2 8564 1 8806 1 8851 1 8914 2 9092 1 9394 1 9401 1 9661 2 9673 1 9963 1 10200 1 10225 1 10344 1 10709 2 10896 2 10985 1 11012 1 11473 1 11499 1 11564 4 11589 1 11654 1 11788 1 11790 1 11852 3 11951 1 11983 2 12604 1 12664 1 12984 1 13298 2 13301 1 13312 1 13415 1 13793 1 13844 1 13901 1 13923 1 14147 1 14249 1 14438 2 14588 1 14671 2 14709 1 14916 1 15397 1 15904 1 16044 1 16477 1 16820 1 16825 1 16867 1 16871 1 16998 1 17530 1 17576 1 18588 1 18748 2 18912 1 19067 1 19132 1 19266 1 19433 2 19548 1 20215 1 20538 1 20539 2 20773 1 20802 1 20967 1 21141 1 21253 1 21547 1 21822 1 
2349 1 2821 1 3883 1 3889 1 4791 1 5141 1 5169 1 5633 1 6097 1 6587 2 11564 1 17139 1 20141 1 21138 1 21246 1 21870 2 
509 1 2926 2 3889 2 6373 1 6622 1 7073 1 8045 1 8518 1 9963 1 10046 1 10126 1 10272 1 10729 1 11564 1 16787 1 16904 1 18758 1 21348 1 21767 1 
61 1 108 1 115 1 234 2 948 1 1029 1 1356 1 1908 1 2349 1 2673 1 2997 1 3608 1 3831 4 3889 4 4283 1 4374 1 4507 4 4829 1 4882 1 5505 1 5588 2 5785 1 6080 2 6097 1 6685 2 6705 2 6879 1 7073 1 7126 1 7157 1 7467 1 7630 4 8045 2 8120 1 8185 1 8202 1 8218 1 8303 2 8497 1 8564 1 8745 2 8914 1 9260 1 9924 1 10344 1 10409 1 10709 1 10729 3 10896 2 11473 1 11564 3 11790 1 11983 2 12421 1 12560 2 12664 1 12853 5 13192 1 13793 3 13894 3 14529 1 14588 1 15471 1 15904 1 15994 1 16026 1 17538 1 18045 1 19067 1 19693 1 20159 3 20663 1 20666 1 20801 1 21145 1 21547 1 
6836 1 12853 1 20159 1 
69 1 1802 1 3675 1 3889 1 6373 1 6407 1 6622 1 6713 1 7073 1 7377 1 7948 1 9046 1 10126 1 10729 1 11564 1 11711 1 13839 1 15553 1 16787 1 16797 1 16904 1 18656 1 19754 1 20335 1 20345 1 20733 1 21065 1 21386 1 21767 1 22087 1 
10 1 61 1 88 1 108 4 110 1 150 2 176 1 200 1 380 1 511 3 536 2 541 1 620 1 832 3 864 1 880 1 894 1 1124 1 1208 1 1239 3 1297 4 1356 1 1449 3 1596 1 1657 5 1726 1 1771 2 1797 1 1828 1 1906 1 1908 6 2009 4 2023 1 2150 1 2197 1 2232 1 2340 1 2701 1 2781 1 2787 4 2895 3 2902 2 2920 5 2929 1 2954 1 2955 1 3061 1 3203 2 3306 1 3461 3 3472 1 3521 1 3524 1 3556 3 3596 1 3608 1 3644 2 3663 1 3784 3 3793 1 3831 2 3840 1 3870 1 3882 1 3889 7 3940 2 4040 1 4084 2 4168 2 4225 2 4283 3 4374 1 4482 1 4507 4 4554 1 4620 1 4663 1 4753 1 4787 1 4813 1 4829 4 4882 1 5064 1 5169 5 5183 1 5260 1 5351 1 5372 1 5438 1 5440 1 5505 1 5587 1 5588 2 5622 1 5707 1 5749 2 5785 1 5819 3 5905 1 5951 1 6024 2 6034 1 6104 1 6201 2 6249 7 6262 2 6301 1 6373 7 6548 1 6577 1 6587 1 6622 1 6627 1 6685 2 6890 1 6995 2 7016 1 7073 2 7129 2 7134 3 7362 1 7416 1 7466 1 7507 2 7630 1 7662 8 7664 1 7816 1 7940 1 8012 1 8029 3 8045 4 8168 1 8202 1 8214 1 8218 2 8297 2 8303 3 8337 1 8338 1 8369 2 8432 1 8469 1 8497 1 8518 25 8638 1 8646 1 8744 1 8872 1 8914 1 8915 29 8918 1 8956 1 8972 2 9015 1 9022 1 9092 4 9233 2 9397 1 9411 2 9450 1 9451 4 9519 1 9620 1 9729 1 9765 2 9938 1 10027 1 10076 1 10126 1 10344 2 10358 1 10384 1 10472 2 10625 1 10657 1 10709 1 10727 1 10729 1 10800 1 10872 1 10896 2 10906 1 10949 2 11022 2 11106 1 11217 1 11391 1 11499 2 11544 1 11564 5 11589 3 11594 1 11790 1 11935 2 11955 1 11983 2 12021 1 12063 2 12112 1 12178 1 12248 1 12292 1 12521 1 12562 1 12741 2 12787 1 12897 1 12916 1 12958 1 13004 1 13070 1 13140 2 13258 2 13275 1 13312 1 13330 1 13491 1 13498 1 13543 1 13568 1 13710 1 13743 1 13748 1 13793 1 13856 1 13901 1 13941 1 13947 1 13972 1 14100 1 14184 2 14227 2 14240 4 14264 1 14357 2 14487 1 14527 1 14588 1 14674 1 14677 1 14758 1 14807 3 14832 1 14916 3 14921 1 15049 1 15087 1 15298 2 15383 3 15397 1 15402 4 15648 1 15880 1 15904 1 15928 1 15977 1 16110 1 16126 1 16165 1 16254 1 16332 1 16502 1 16517 2 16635 1 16636 1 16650 1 16787 1 16811 1 16818 1 16852 1 16904 5 16905 1 17099 1 17111 12 17302 1 17311 1 17326 1 17442 1 17476 1 17503 1 17530 1 17733 3 17793 2 17836 2 17853 3 17854 1 17913 2 17926 1 18154 1 18263 1 18350 1 18381 1 18424 2 18541 1 18609 1 18657 1 18667 1 18684 3 18758 1 18799 1 18861 1 18897 1 18917 2 19067 1 19073 1 19091 1 19160 1 19310 1 19338 1 19409 2 19480 1 19753 1 19879 3 20080 1 20103 1 20111 4 20141 2 20304 1 20377 1 20539 1 20663 1 20773 3 20882 1 20885 1 20901 1 20970 1 21013 1 21069 2 21145 1 21191 1 21195 1 21246 1 21415 1 21429 1 21537 2 21547 1 21650 1 21666 1 21707 1 21735 1 21767 1 21795 4 21821 1 21870 6 21907 1 21916 1 21980 1 22007 1 22126 2 
10 1 88 1 108 2 110 1 129 1 150 3 176 1 200 2 288 1 312 1 351 1 380 2 511 1 516 2 553 1 601 1 832 1 839 1 873 1 880 1 942 1 1075 1 1124 1 1208 1 1299 1 1449 3 1657 5 1726 2 1828 1 1906 1 2009 5 2023 1 2150 1 2197 3 2199 2 2240 1 2290 1 2336 1 2355 1 2364 1 2375 1 2584 1 2673 3 2787 5 2811 1 3167 1 3236 1 3300 1 3324 1 3358 1 3521 1 3524 1 3556 5 3596 1 3612 1 3644 2 3784 3 3831 2 3870 1 3882 1 3883 2 3889 14 4084 2 4168 3 4225 2 4236 1 4283 1 4410 1 4426 1 4482 1 4554 1 4620 1 4709 1 4753 1 4791 1 4812 1 4813 1 4829 1 4936 1 5067 1 5169 7 5219 3 5260 1 5304 1 5313 1 5438 1 5440 3 5587 1 5609 2 5622 1 5707 3 5749 2 5819 2 5827 2 5852 1 5882 1 5905 1 5962 4 6024 2 6034 1 6176 2 6201 1 6249 5 6252 1 6262 2 6287 1 6371 1 6373 6 6622 3 6694 1 6705 2 6707 1 6815 1 6839 1 6890 1 6995 4 7008 1 7015 2 7016 4 7073 3 7082 1 7114 1 7129 2 7157 1 7363 1 7416 1 7507 3 7630 2 7650 1 7662 2 7664 1 7691 1 7816 1 7917 1 7940 1 8012 1 8029 2 8045 7 8053 1 8146 1 8214 1 8218 2 8260 1 8297 3 8362 3 8369 2 8432 1 8433 5 8469 1 8518 42 8539 1 8564 1 8597 1 8775 1 8914 1 8915 27 8956 1 9005 1 9009 1 9022 1 9092 2 9233 1 9397 1 9400 1 9450 1 9451 1 9648 1 9673 1 9729 3 9820 1 9852 1 9938 4 9951 1 10000 1 10027 1 10076 2 10384 1 10472 1 10625 4 10657 1 10709 1 10722 1 10747 1 10780 2 10800 1 10906 1 10929 1 10949 4 11022 3 11189 1 11217 1 11317 1 11473 6 11499 6 11544 1 11564 3 11589 3 11935 3 11955 1 12021 1 12063 2 12248 3 12281 1 12292 1 12598 1 12664 1 12741 3 12787 1 12897 1 12920 2 12977 1 13070 1 13085 1 13093 2 13140 2 13146 1 13192 1 13258 1 13330 1 13498 1 13501 1 13568 1 13743 1 13941 1 13947 1 13972 1 14100 1 14184 2 14226 1 14240 6 14264 1 14338 1 14634 3 14674 1 14677 1 14807 3 14832 1 14860 1 14921 1 14929 1 15088 1 15293 2 15298 4 15402 6 15648 1 15739 1 15848 2 15880 1 15928 3 15977 1 16126 2 16165 1 16197 1 16254 1 16283 2 16320 1 16477 1 16502 1 16517 2 16650 1 16686 5 16699 2 16711 1 16764 1 16811 1 16852 1 16871 3 16904 12 16920 3 17001 1 17077 1 17111 13 17215 1 17302 2 17331 1 17356 1 17442 1 17451 4 17503 1 17579 2 17733 4 17793 2 17833 1 17836 1 17854 1 17865 1 17893 1 17934 1 18067 2 18154 1 18206 7 18263 11 18304 2 18326 3 18381 1 18424 2 18518 1 18609 1 18626 1 18684 3 18703 1 18758 1 18799 2 18816 1 18826 1 18830 1 18884 1 18897 1 18917 1 18934 1 19073 1 19091 1 19160 1 19194 1 19248 1 19335 1 19338 2 19733 2 19753 1 19857 1 19896 1 19931 3 20013 1 20057 1 20080 1 20085 1 20103 1 20111 4 20212 1 20304 1 20366 1 20403 1 20443 1 20588 1 20628 2 20667 1 20885 1 20886 1 20967 2 20970 1 21069 4 21138 2 21195 1 21415 1 21547 1 21666 1 21707 1 21735 1 21752 1 21795 8 21816 1 21870 3 21907 2 21980 1 22007 1 22029 2 22126 2 
10 1 61 1 87 1 108 2 150 1 230 1 234 3 536 1 541 1 948 1 1029 1 1124 4 1239 2 1356 1 1482 3 1908 1 1929 1 1955 1 2199 1 2278 1 2336 1 2349 1 2530 1 2673 1 2787 1 2902 1 2973 1 3142 1 3167 1 3219 1 3235 1 3236 2 3608 1 3622 1 3784 1 3831 1 3840 1 3883 1 3889 6 4206 1 4310 1 4374 2 4377 1 4447 1 4507 4 4648 1 4774 1 4787 1 4791 7 4812 1 4829 2 4882 1 4963 1 5125 1 5169 2 5320 1 5343 1 5397 1 5436 2 5440 1 5505 1 5588 3 5747 1 5785 1 5979 1 6073 2 6223 1 6249 2 6373 7 6526 2 6587 1 6622 1 6750 1 6836 2 6886 1 6890 2 7042 1 7073 2 7126 2 7142 1 7175 3 7337 2 7698 2 7916 1 7998 1 8045 2 8053 2 8090 1 8218 1 8225 1 8239 3 8369 1 8497 4 8528 1 8806 4 8914 1 8972 1 9009 1 9092 2 9407 1 9661 1 9765 1 9944 1 10027 3 10126 1 10195 1 10214 1 10247 1 10472 2 10709 1 10729 14 10896 2 11147 1 11499 1 11531 1 11564 7 11589 1 11622 1 11790 1 11938 1 11983 2 12341 1 12509 1 12604 1 12840 1 12853 2 13146 1 13192 1 13793 1 13950 3 13972 1 14008 1 14438 1 14588 1 14627 1 14803 2 14893 2 14916 5 15060 1 15134 2 15187 3 15273 1 15362 1 15450 1 15620 1 15632 1 15838 1 15881 1 15904 1 15928 1 16283 1 16306 1 16379 1 16413 1 16465 6 16787 1 16819 1 16837 1 16864 1 16871 5 16904 1 17099 1 17183 1 17304 1 17324 1 17345 1 17372 1 17476 1 17693 1 17773 1 17865 1 17910 1 17954 1 18191 3 18291 1 18326 2 18333 1 18424 1 18439 1 18588 1 18598 1 18830 2 18859 1 18926 1 19067 1 19073 1 19123 1 19626 1 19693 1 19753 5 19836 1 19859 1 20036 1 20071 1 20111 2 20136 1 20141 3 20159 1 20526 2 20563 1 20571 1 20588 1 20663 3 20701 2 20882 1 21013 1 21081 1 21159 1 21246 1 21364 1 21547 2 21560 1 21767 1 21870 3 21875 1 21890 2 21916 1 22070 2 22173 1 
61 1 108 1 150 1 215 1 541 1 689 1 832 1 1356 1 1660 1 1863 1 2009 2 2240 1 2673 1 2787 1 3029 1 3608 1 3889 4 3904 1 3940 2 4142 1 4374 1 4507 4 4812 1 4833 1 4882 1 5169 1 5231 2 5440 1 5505 1 5588 1 5633 1 5785 1 5962 6 6097 1 6287 1 6675 1 7030 1 7073 1 7371 1 7662 2 7691 1 8202 2 8369 1 8497 1 8518 3 8564 1 8585 1 8795 1 8914 1 9060 1 9413 1 10027 2 10358 1 10472 1 10709 1 10896 2 11429 3 11564 3 11686 1 11790 1 11983 2 12341 1 12650 1 12664 1 12958 1 13504 1 13793 1 13879 1 14172 1 14249 7 14438 1 14588 1 14634 2 14916 2 15296 2 15319 1 15904 1 16239 1 16380 1 16871 1 17183 1 17302 1 17530 12 17638 1 17853 1 18067 2 18881 1 18912 1 19067 1 19248 1 19693 1 20141 2 20236 1 21246 1 21547 1 21890 3 
1908 1 2673 1 3461 1 3940 1 6249 1 6623 1 7662 1 8369 1 8518 1 9381 1 9519 1 10027 1 10344 1 14079 1 15848 1 18511 1 19126 1 20882 1 21040 1 21246 2 
200 1 304 1 315 1 601 1 1778 1 2009 1 3386 1 3831 1 3889 4 4206 1 4616 1 5588 1 5962 4 6080 1 6373 1 6622 1 7073 1 8053 2 8218 1 8503 1 9236 1 10126 1 10472 1 10633 1 10729 1 11381 1 11564 1 11589 1 12341 1 13146 1 14198 1 14249 2 14916 1 15187 1 16316 1 16787 1 16904 1 17304 1 17530 1 17733 1 18449 1 18881 1 19248 2 20663 1 21013 1 21767 1 21890 3 
115 2 181 1 221 1 315 3 511 2 608 1 673 1 682 1 719 1 781 1 897 1 914 1 1146 3 1239 1 1259 5 1356 1 1611 1 1666 2 1676 1 1908 1 2009 2 2126 1 2258 1 2264 1 2333 1 2364 1 2530 1 2640 1 2660 1 2665 1 2668 1 2821 1 2920 1 2967 1 3061 1 3219 1 3328 1 3556 1 3642 1 3663 1 3870 1 3883 3 3889 21 3940 2 4216 1 4264 1 4526 1 4748 1 4829 1 4882 1 5058 1 5169 4 5210 1 5231 1 5446 1 5592 1 5951 1 6252 1 6287 1 6294 3 6300 1 6421 1 6613 1 6706 1 6815 2 6839 1 7073 1 7126 1 7337 3 7536 1 7622 2 7668 1 7811 1 7998 1 8045 2 8053 1 8084 2 8221 1 8381 1 8518 11 8564 1 8577 1 8757 1 8914 2 8956 1 8966 2 9057 1 9060 1 9307 1 9517 1 9556 1 9673 1 9835 1 10027 2 10104 3 10225 2 10277 1 10390 1 10472 1 10625 2 10670 1 10709 2 11054 1 11334 1 11406 1 11429 1 11580 1 11654 1 11852 1 11900 1 11951 1 11983 2 12098 1 12334 1 12341 2 12383 1 12604 2 12664 4 12722 2 12840 1 13136 1 13355 1 13412 1 13543 1 13793 1 13879 1 13901 2 13968 1 14107 1 14249 1 14277 1 14330 1 14428 1 14438 2 14529 1 14580 1 14718 1 14831 1 14916 6 14921 1 15060 1 15119 1 15263 1 15298 1 15397 2 15443 1 15515 1 15620 1 15648 1 15800 1 15918 1 16084 1 16110 1 16380 2 16597 2 16604 1 16859 3 16930 1 16982 1 17013 1 17099 1 17530 5 17702 1 17709 1 17723 1 17964 1 18281 1 18291 3 18588 1 18781 1 18934 1 18963 2 19014 1 19533 1 19680 2 19685 1 19733 1 19753 2 19896 1 20317 1 20443 1 20539 1 20606 1 20916 1 20942 1 21049 2 21141 2 21246 1 21427 1 21449 1 21583 1 21623 2 21890 6 22105 1 22126 1 
281 1 3889 1 4829 1 5169 1 5751 1 8202 1 11007 1 13258 1 16380 1 16871 1 18748 1 21246 1 21870 1 
115 1 125 1 135 1 200 2 312 1 541 1 673 1 792 1 845 1 864 1 1016 3 1238 1 1255 2 1259 4 1356 2 1668 1 1725 1 1746 1 1764 1 1869 1 1906 1 1973 3 2199 1 2246 1 2291 1 2323 2 2342 1 2671 1 2700 1 2724 1 2756 1 2911 1 3010 1 3084 1 3203 1 3235 1 3328 1 3468 1 3612 1 3889 12 3940 2 4588 1 4609 1 4631 2 4662 1 4829 1 5065 1 5210 1 5219 1 5343 1 5385 1 5436 1 5484 1 5501 3 5588 1 5677 1 5819 1 5839 1 5902 1 6039 1 6287 1 6371 1 6373 1 6423 2 6484 1 6546 1 6620 1 6890 2 7046 1 7073 1 7157 1 7180 1 7337 1 7350 1 7352 2 7363 1 7463 4 7578 1 7696 1 7716 1 7801 1 8185 1 8195 1 8202 1 8218 1 8221 3 8494 1 8518 2 8564 2 8638 1 8914 4 8915 2 8933 1 8972 1 9124 2 9337 2 9365 1 9563 1 9673 2 9957 1 9992 1 10010 1 10126 1 10344 1 10407 1 10472 3 10515 2 10540 2 10588 1 10693 5 10709 4 10723 1 10857 1 11221 1 11359 1 11499 1 11658 1 11679 1 11734 1 11797 2 11852 3 11951 2 12010 1 12341 2 12385 1 12530 1 12722 3 13189 1 13312 1 13827 1 13876 1 13901 1 14183 1 14249 9 14527 1 14916 8 15082 1 15157 1 15296 2 15298 1 15319 3 15328 1 15355 1 15383 1 15397 1 15638 1 15730 1 15800 1 16003 1 16040 1 16176 1 16332 2 16447 1 16478 3 16691 1 16696 1 16757 1 16764 1 16859 1 16871 1 16875 1 16904 3 16930 3 17184 2 17197 1 17331 2 17345 2 17530 1 17576 2 17893 1 17910 1 17964 1 18067 1 18206 1 18598 2 18687 1 18748 3 18758 2 18849 1 18881 8 18912 1 18963 1 19014 1 19039 1 19398 1 19521 1 19753 1 19953 1 20013 1 20163 1 20236 1 20359 1 20539 1 20903 1 20923 1 21246 1 21311 1 21720 1 21729 2 21732 1 21740 1 21795 2 21870 1 21997 1 
345 1 393 1 818 1 1037 1 1085 1 1239 3 1259 1 1418 1 1525 1 1676 1 1785 1 1908 2 1968 1 2009 2 2395 2 2416 1 2673 1 2726 1 3142 5 3180 1 3184 1 3506 1 3556 1 3889 5 4433 1 4702 1 4812 2 5058 4 5079 1 5090 1 5166 1 5231 5 5352 1 5436 1 5819 1 6040 1 6294 1 6543 2 6544 1 6687 1 6890 1 7791 1 7917 1 8152 1 8369 5 8465 1 8481 4 8501 2 8518 4 8961 1 8972 1 9173 4 9340 1 9556 1 9661 2 9887 1 10104 1 10149 2 10472 1 10486 1 10624 1 10996 4 11054 1 11310 1 11580 1 11654 1 11734 1 11852 2 11900 1 12334 1 12341 1 12470 2 12517 1 13136 2 13298 1 13653 2 13901 2 13950 1 14249 2 14438 2 14688 1 14707 1 14916 3 14921 1 15350 1 15402 1 15651 1 15754 1 15774 1 16370 1 16597 2 16691 1 16859 2 16867 1 16998 1 17036 2 17141 1 17344 1 17530 2 17693 1 17913 1 18422 1 18485 1 18487 1 18895 1 19089 6 19248 1 19310 1 19685 1 19695 2 19753 2 19979 1 20443 1 20488 2 20601 1 21248 1 21583 1 21600 1 21623 1 21890 1 
1284 1 2976 1 4283 1 4462 1 5440 1 6890 1 7671 1 8518 2 10027 1 10966 1 11465 1 12266 1 12341 1 13393 1 14338 1 14916 1 14993 1 15157 2 16306 1 16370 1 18302 1 18511 1 20359 1 
230 1 5388 1 7684 1 16380 1 21870 1 
1304 1 3889 2 9284 1 11465 1 13298 1 13856 1 14296 1 14487 1 16784 1 16871 1 17530 1 17893 1 17913 1 21481 1 22164 2 
1785 1 2104 1 2213 1 6613 1 8129 1 9289 1 9326 1 10601 1 13298 1 15298 1 17964 1 18010 1 21246 1 
6 1 10 1 115 1 135 1 227 1 312 1 673 1 698 1 706 1 792 1 849 1 862 1 914 2 931 1 962 2 964 1 1204 1 1211 1 1255 2 1259 4 1336 1 1356 3 1557 1 1611 2 1725 1 1746 1 1828 1 1906 1 1929 1 1973 3 2024 1 2126 2 2199 1 2213 1 2216 1 2240 1 2246 3 2291 1 2342 1 2386 2 2411 1 2724 2 2864 1 2866 3 3031 1 3061 1 3142 1 3144 2 3203 1 3219 1 3226 1 3244 2 3346 1 3399 1 3455 1 3666 1 3820 1 3889 7 4588 3 4662 2 4702 1 4775 1 4829 1 4837 1 4882 1 5003 1 5210 2 5292 1 5338 1 5343 1 5501 1 5677 1 5779 1 5819 1 5827 2 5866 2 5968 1 6139 1 6196 1 6223 1 6250 2 6287 2 6371 1 6376 1 6423 2 6567 1 6632 1 6648 1 6750 1 6836 1 6866 1 6890 3 6965 1 7157 1 7180 1 7235 1 7296 1 7363 1 7410 1 7608 1 7664 1 7716 1 7837 1 7882 1 7887 1 7892 1 7924 1 7927 1 8129 2 8195 1 8218 1 8358 1 8382 3 8454 1 8518 1 8564 4 8638 1 8642 1 8851 1 8914 6 8933 2 8957 1 9107 2 9124 1 9173 1 9365 1 9380 1 9569 1 9673 3 9728 1 9760 2 9783 3 9933 2 10091 1 10344 1 10390 2 10407 1 10415 1 10515 2 10540 2 10709 6 10779 1 10857 1 10884 1 10996 1 11016 1 11081 1 11293 16 11359 1 11658 1 11784 1 11951 1 11983 1 12147 1 12385 1 12391 1 12575 1 12614 1 12662 1 12722 7 12847 1 12940 2 13189 1 13261 1 13284 1 13510 3 13793 2 13876 1 13884 1 13901 1 14026 1 14050 1 14068 1 14147 2 14297 1 14685 1 14753 2 14893 1 14916 2 14930 1 15298 1 15319 1 15328 1 15354 1 15355 1 15445 1 15456 1 15483 1 15515 2 15531 1 15620 1 15730 2 15800 2 15873 1 16176 1 16478 2 16608 1 16757 2 16764 1 16859 2 16875 2 16904 3 16930 1 16949 1 17094 1 17165 1 17183 1 17227 3 17273 1 17324 1 17331 2 17345 2 17376 1 17415 1 17526 1 17709 2 17723 2 17893 1 17895 1 17910 1 18003 16 18067 1 18079 1 18206 2 18233 1 18312 1 18373 1 18400 4 18523 1 18552 1 18683 1 18837 1 18912 2 18934 1 19012 7 19039 2 19248 1 19331 1 19362 10 19398 1 19498 1 19548 2 19725 1 19753 1 19836 1 19940 1 19953 1 19965 2 20013 1 20057 1 20072 1 20089 2 20309 1 20330 2 20384 1 20526 1 20644 1 20759 1 20775 1 21048 1 21311 1 21346 1 21496 1 21522 1 21547 2 21687 1 21706 1 21729 2 21732 1 21870 1 21946 1 22026 1 22032 1 22126 2 
312 1 347 2 445 1 624 3 903 1 914 1 1211 1 1259 2 1318 2 1356 2 1611 1 2126 1 2213 3 2240 3 2351 3 2671 1 3010 1 3504 2 3612 3 3666 1 3810 1 3889 2 4775 1 4882 1 4971 3 5210 1 5227 1 5677 3 5968 1 6836 1 6859 1 6880 2 6978 1 6981 1 7227 3 7355 1 7410 1 7453 14 7578 1 7874 1 7904 1 8129 3 8564 2 8914 3 8999 2 9317 2 9673 1 9819 4 10381 2 10390 1 10407 1 10709 3 10742 1 10779 4 10857 1 11016 1 11179 2 11594 4 11765 2 11983 1 12342 1 12385 1 12722 3 13258 6 13778 1 13999 2 14068 1 14186 2 14916 1 15354 1 15515 1 15683 2 15800 1 16473 1 16478 1 16483 7 16859 1 17270 1 17297 1 17345 1 17757 1 18038 3 18645 1 18912 4 19248 3 19398 1 19612 4 19940 1 20052 2 20521 2 21547 1 21732 1 22126 2 
159 1 200 1 215 1 281 1 312 1 345 1 909 1 914 1 915 1 1065 2 1113 2 1211 1 1239 1 1259 4 1284 1 1356 2 1389 1 1504 1 1611 1 1668 2 1815 2 1904 2 1908 4 2126 1 2213 1 2352 2 2424 1 2530 1 2635 1 2660 1 2671 1 3142 1 3143 1 3146 2 3184 2 3203 1 3269 1 3316 1 3521 1 3556 1 3565 1 3658 2 3666 1 3831 7 3889 6 3940 1 4142 1 4157 1 4264 1 4662 1 4695 1 4812 1 4846 1 4882 1 4914 8 5006 1 5210 1 5231 5 5295 2 5440 2 5451 2 5589 1 5633 1 5681 4 5882 1 5968 1 6080 1 6097 1 6252 2 6287 1 6301 1 6373 1 6523 1 6548 1 6623 2 6636 1 6815 2 6836 1 6923 1 7073 1 7352 2 7410 1 7539 2 7566 2 7622 5 8009 1 8045 3 8163 2 8202 1 8518 9 8564 2 8767 2 8806 1 8914 4 8972 1 9022 2 9062 1 9354 3 9451 2 9661 1 9662 1 9673 1 9765 1 9829 3 9938 1 10027 1 10176 1 10225 1 10320 1 10390 1 10407 1 10472 3 10514 1 10709 4 10857 1 11589 1 11609 1 11717 1 11947 2 11983 1 12283 1 12336 1 12385 1 12722 3 12724 1 12989 2 13033 1 13093 1 13192 1 13489 1 13563 2 13605 1 14068 1 14438 3 14634 1 14718 1 14857 1 14916 1 14921 1 15049 1 15082 1 15354 1 15356 1 15515 1 15561 1 15596 1 15800 1 15915 1 16283 1 16478 1 16762 2 16859 2 16867 1 17049 1 17345 2 17953 1 18010 1 18067 2 18191 4 18204 2 18356 1 18748 2 18881 1 18929 1 18963 2 19080 1 19235 2 19398 1 19733 1 19940 1 19979 1 19997 1 20212 1 20236 1 20359 1 20366 1 20443 1 20601 14 20801 1 20882 1 20902 1 21161 2 21261 1 21348 1 21426 1 21547 1 21732 1 21735 1 21890 9 22111 1 22115 2 22126 2 
87 1 150 1 159 1 281 1 312 1 638 1 832 1 914 1 929 1 1211 1 1259 5 1311 2 1356 2 1611 1 1726 1 1921 2 2126 1 2407 1 2660 1 2675 2 2973 1 3148 1 3184 1 3196 1 3457 1 3666 1 3762 1 3831 5 3870 1 3889 8 3940 1 3976 1 4882 1 5090 1 5210 1 5231 3 5934 4 5968 1 6218 1 6252 1 6429 1 6623 6 6815 1 6836 1 6924 1 6949 1 6952 1 7126 1 7410 1 7691 1 8009 1 8045 1 8202 1 8229 1 8340 1 8518 2 8564 2 8914 3 9354 1 9506 2 9574 1 9673 1 10027 1 10104 1 10225 1 10390 1 10407 1 10472 2 10709 3 10766 2 10857 1 11054 2 11317 1 11589 1 11766 1 11983 1 12341 1 12385 1 12501 1 12641 2 12722 3 12829 2 12840 1 13192 1 13412 4 13731 3 13972 1 14068 1 14381 2 14529 1 14718 1 14916 3 14921 1 15248 2 15277 1 15293 1 15354 1 15356 1 15515 1 15595 1 15800 1 16299 2 16478 1 16774 2 16859 1 16871 1 16975 1 17345 2 17451 1 17530 1 17549 2 17876 1 17910 1 18748 1 18947 1 19067 1 19398 1 19607 1 19940 1 19953 2 20111 1 20309 1 20366 1 20451 1 21077 2 21216 1 21261 1 21547 2 21707 1 21732 1 22126 2 
197 2 312 1 345 1 536 2 541 1 914 1 1132 1 1211 1 1259 2 1356 2 1611 1 1822 2 1908 7 2126 1 2332 2 2590 1 3100 1 3176 1 3283 1 3386 1 3565 2 3666 1 3831 8 3889 2 3940 1 4426 1 4698 2 4829 2 4882 1 5145 1 5210 1 5588 2 5968 1 6037 1 6148 1 6612 1 6825 1 6836 1 7033 2 7126 1 7352 4 7410 1 7462 3 7466 1 7650 1 7662 1 7691 1 7742 2 7856 2 8045 1 8369 1 8518 2 8564 2 8638 1 8809 1 8914 3 9624 2 9673 1 9918 1 10027 1 10390 1 10407 1 10472 1 10569 2 10709 3 10857 1 11073 2 11261 1 11886 1 11983 1 12341 2 12363 1 12385 1 12413 1 12491 3 12676 1 12722 3 13192 1 13501 2 14068 1 14249 2 14281 2 14529 1 14893 2 14916 1 15319 2 15354 1 15383 2 15515 1 15800 1 16212 2 16314 2 16478 1 16859 1 17135 1 17233 1 17302 1 17345 2 17421 1 17451 1 17530 5 17738 2 17917 1 18433 1 18748 1 18800 2 19398 1 19578 1 19712 2 19940 1 19953 2 19997 2 20236 1 20309 1 20312 2 20366 1 21161 2 21191 1 21275 1 21426 1 21547 1 21732 1 21968 1 21997 1 22126 2 
133 2 197 2 236 2 312 1 348 2 364 2 669 2 726 2 849 2 852 2 914 1 929 1 1058 2 1113 2 1130 2 1211 1 1225 2 1259 2 1356 2 1611 1 1653 2 1815 4 1908 54 1921 2 1964 2 2032 2 2110 2 2126 5 2171 2 2275 2 2332 2 2350 2 2352 2 2675 2 2676 2 3073 1 3146 2 3184 1 3215 2 3542 2 3666 1 3737 2 3782 2 3831 65 3842 2 3889 2 3972 2 4148 2 4464 1 4805 2 4882 1 4892 2 5193 2 5210 1 5231 3 5247 2 5799 2 5837 2 5934 1 5968 1 6150 2 6211 2 6287 3 6564 2 6623 4 6668 1 6771 2 6836 1 6924 1 6957 2 7182 2 7234 2 7340 2 7410 1 7445 2 7742 6 7856 2 7870 2 7881 2 7998 1 8043 1 8163 4 8369 1 8500 2 8508 2 8564 2 8767 2 8822 2 8914 3 9030 2 9269 2 9354 1 9571 2 9673 1 10089 2 10095 2 10390 1 10407 1 10553 2 10569 6 10695 2 10709 3 10717 2 10766 2 10857 1 11015 2 11259 2 11613 1 11855 2 11983 1 12156 2 12385 1 12466 2 12509 2 12594 2 12641 2 12722 7 13175 2 13292 2 13342 2 13395 2 13923 1 14068 1 14281 2 14365 2 14381 2 14470 2 14561 2 14647 2 14784 2 14916 1 15159 2 15296 1 15354 1 15390 2 15423 2 15515 1 15593 2 15800 1 16012 2 16045 2 16086 2 16299 2 16314 2 16478 1 16762 2 16774 2 16820 2 16859 1 16871 1 16892 2 17099 4 17264 2 17345 1 17549 2 17599 1 17713 2 17738 4 17748 2 18052 2 18588 1 18800 2 18890 2 19331 2 19381 2 19398 1 19712 2 19940 1 19977 2 20253 2 20312 2 20360 2 20380 2 20395 2 20412 2 20472 2 20512 1 20736 2 20775 2 20785 2 20813 2 20882 2 21161 6 21284 2 21547 1 21707 1 21732 1 21813 2 22115 2 22126 2 
6 2 10 2 14 1 115 2 117 1 230 1 312 1 345 2 533 1 536 1 541 1 545 5 573 1 706 1 909 1 914 2 962 2 1029 1 1038 3 1151 1 1211 1 1284 1 1308 2 1310 1 1356 2 1465 1 1486 4 1504 1 1525 2 1569 1 1726 3 1731 1 1822 1 1908 3 1911 1 1965 2 2197 1 2213 3 2240 1 2246 7 2258 2 2282 1 2291 1 2355 1 2386 8 2411 1 2641 2 2671 1 2673 1 2864 4 2920 1 3010 1 3054 2 3059 1 3133 1 3142 1 3156 1 3175 1 3176 1 3196 1 3219 2 3226 1 3244 4 3328 2 3455 1 3489 12 3663 1 3819 1 3820 1 3889 9 3940 1 3976 1 4056 1 4069 1 4142 1 4168 1 4213 4 4223 4 4251 1 4677 1 4758 4 4775 4 4791 1 4829 2 4882 1 4914 2 5090 1 5231 8 5345 4 5348 1 5388 2 5413 6 5429 1 5436 2 5439 1 5440 2 5498 1 5588 1 5592 1 5609 1 5677 1 5819 1 5850 1 5866 1 5867 2 5882 1 5934 1 5968 1 6080 5 6107 2 6250 2 6373 2 6376 1 6562 2 6648 1 6685 2 6704 1 6750 2 6805 1 6836 2 6843 1 6866 1 7075 1 7337 1 7349 1 7410 1 7567 1 7715 2 7716 1 7807 1 8045 8 8053 2 8084 1 8129 2 8152 1 8163 1 8298 10 8303 1 8369 1 8447 1 8462 1 8518 15 8529 1 8564 2 8618 1 8757 1 8762 1 8851 1 8896 2 8914 4 8932 1 8972 1 8983 1 9033 1 9060 1 9107 2 9173 2 9289 1 9313 1 9363 1 9451 1 9519 1 9569 1 9673 1 9819 2 9852 1 10180 1 10214 1 10225 1 10233 1 10351 1 10390 1 10472 2 10515 1 10624 2 10670 1 10691 1 10709 4 10727 1 10779 1 10857 1 10872 1 10904 1 10943 1 10993 1 10996 2 11016 4 11044 1 11050 2 11054 1 11089 1 11095 1 11119 4 11145 1 11204 1 11243 1 11256 1 11395 1 11429 1 11473 2 11499 2 11589 2 11594 3 11825 3 11843 1 11969 1 11983 1 12106 1 12144 1 12147 1 12178 2 12274 1 12283 1 12312 1 12391 1 12474 1 12521 1 12664 3 12759 2 12789 2 12856 1 12874 3 12921 1 12932 1 12958 1 13173 1 13192 4 13235 1 13258 3 13261 1 13298 1 13393 2 13501 2 13562 2 13605 5 13655 1 13748 2 13769 1 13793 5 13923 2 13950 1 13972 1 14068 1 14147 2 14161 1 14184 1 14245 1 14249 1 14634 1 14685 1 14762 1 14764 1 14831 1 14832 1 14839 4 14916 3 14921 1 14930 1 14934 1 15019 1 15060 1 15125 2 15130 1 15277 1 15298 1 15354 2 15383 2 15397 6 15402 2 15516 5 15541 1 15634 3 15883 1 15891 1 15904 1 15919 1 15979 1 15988 1 16008 1 16121 1 16177 1 16289 1 16332 1 16402 2 16447 1 16465 2 16478 1 16569 2 16691 2 16871 1 16904 1 16975 1 16995 1 17046 1 17094 1 17132 1 17183 1 17305 1 17324 2 17345 1 17391 1 17415 1 17449 1 17554 1 17615 1 17709 3 17733 1 17755 4 17844 2 17907 2 17910 2 17913 2 17998 1 18010 1 18048 2 18067 1 18138 1 18291 1 18300 1 18312 1 18326 1 18458 1 18498 1 18568 1 18598 1 18664 2 18713 1 18826 1 18830 2 18840 3 18909 1 18912 2 18963 3 18993 1 19073 3 19088 4 19160 5 19213 1 19248 1 19334 1 19398 1 19472 1 19479 1 19571 1 19612 9 19651 1 19733 1 19749 1 19753 2 19836 1 19896 3 19906 3 19920 1 19966 2 20165 1 20250 2 20384 1 20539 1 20635 2 20644 1 20701 1 20766 1 20775 1 20801 1 21037 1 21086 1 21161 1 21201 1 21269 1 21474 1 21547 2 21623 2 21641 18 21732 1 21845 1 21864 1 21870 2 21890 1 21895 1 21916 1 22022 5 22126 2 
10 1 202 1 380 1 516 1 522 2 967 1 1132 2 1666 1 2424 1 2627 1 2691 1 2970 1 3167 1 3385 2 3489 6 3556 1 3831 1 3889 6 4168 2 4433 1 4882 2 4914 2 5051 2 5058 1 5090 1 5343 1 5436 1 5498 1 5749 1 5850 1 5957 2 6560 1 6562 2 7134 1 7142 1 7175 1 7337 1 7352 1 8045 2 8108 2 8202 1 8518 2 8564 2 8910 1 8914 1 9060 1 9219 1 9852 1 10225 2 10486 1 10534 1 10624 1 10709 1 11480 2 11781 1 12604 1 12840 1 13212 1 13595 1 13605 1 14363 1 14431 1 14529 1 14551 1 14718 1 14916 1 15082 1 15271 1 15293 1 15356 1 15802 1 16184 1 16316 1 16719 1 16904 1 16920 1 17025 1 17202 1 17250 1 17530 2 17811 1 17910 1 17934 1 18130 1 18300 2 18665 1 18963 2 19375 1 19432 1 19437 4 19612 1 19753 1 19920 1 20213 1 20236 2 20441 1 20539 4 20801 1 20967 1 21025 1 21086 1 21141 1 21547 1 21826 1 21916 1 
19 1 87 1 107 1 115 2 117 1 135 1 150 1 159 11 175 1 200 3 213 1 252 1 327 1 425 1 459 1 510 1 601 1 605 1 638 6 724 1 726 1 804 1 900 1 914 1 962 1 996 1 1020 2 1037 1 1038 2 1082 1 1124 1 1175 1 1238 1 1239 6 1304 1 1308 1 1329 1 1356 1 1525 1 1530 1 1601 1 1624 1 1649 1 1674 1 1769 1 1834 2 1841 2 1856 1 1908 1 1914 2 2009 3 2097 1 2127 1 2213 1 2216 1 2240 2 2275 1 2353 1 2411 2 2489 1 2490 1 2507 1 2641 1 2666 1 2739 1 2879 1 2886 1 2895 6 2920 1 2939 1 2954 1 3010 1 3049 1 3065 1 3073 3 3109 1 3142 2 3150 1 3176 1 3184 1 3203 1 3214 1 3217 1 3226 1 3399 1 3414 7 3415 1 3456 1 3472 2 3489 17 3590 1 3612 3 3663 1 3710 1 3733 2 3761 1 3831 2 3867 1 3889 14 4038 1 4053 1 4136 2 4141 1 4144 1 4162 1 4168 1 4206 1 4224 1 4252 1 4283 1 4289 1 4290 1 4310 2 4374 1 4577 1 4616 1 4748 4 4775 2 4787 2 4791 1 4914 22 4934 1 4961 1 4976 1 5026 1 5159 1 5164 1 5169 1 5219 18 5224 2 5271 1 5280 1 5306 3 5352 1 5388 9 5397 1 5436 2 5438 1 5440 1 5462 4 5466 1 5533 1 5588 2 5592 2 5609 1 5633 1 5709 1 5772 1 5957 1 6089 1 6125 2 6163 1 6195 1 6249 3 6254 1 6290 1 6296 1 6313 1 6338 1 6376 2 6397 1 6408 1 6434 1 6439 1 6490 1 6496 1 6508 1 6560 1 6592 1 6622 2 6671 1 6679 1 6685 2 6736 1 6748 1 6750 1 6791 1 6817 1 6836 5 6900 1 6924 1 7042 3 7069 1 7126 1 7134 1 7221 1 7285 1 7289 1 7368 1 7473 2 7478 1 7480 1 7492 1 7527 7 7572 2 7630 1 7640 1 7643 1 7647 1 7698 1 7716 1 7734 1 7801 1 7870 1 7917 1 7923 3 7940 2 7995 3 7997 1 7998 1 8012 3 8018 1 8038 1 8045 8 8094 1 8129 1 8290 1 8303 2 8318 1 8369 2 8442 1 8483 4 8510 1 8518 7 8663 1 8711 1 8745 4 8769 1 8806 5 8885 1 8914 19 8972 1 9022 2 9054 1 9088 2 9113 1 9173 3 9190 1 9233 1 9273 1 9275 1 9313 1 9334 1 9377 1 9411 2 9454 1 9569 2 9589 1 9614 1 9673 1 9797 1 9822 1 9839 1 9897 7 10005 1 10037 2 10095 2 10133 1 10333 1 10337 2 10344 1 10409 2 10472 1 10527 1 10612 1 10624 2 10709 9 10720 1 10727 1 10729 1 10742 1 10752 1 10755 1 10779 1 10833 1 10886 2 10895 1 10990 1 11020 1 11038 3 11063 1 11135 1 11207 1 11223 1 11231 1 11235 2 11260 1 11316 1 11334 1 11402 1 11409 1 11429 1 11473 3 11479 2 11499 1 11552 1 11589 3 11609 9 11620 1 11660 1 11717 1 11764 1 11768 2 11795 1 11852 3 11905 1 11926 1 11938 1 11947 48 11976 2 12008 2 12051 1 12056 1 12092 1 12147 1 12164 1 12170 1 12214 1 12254 1 12299 1 12306 2 12312 1 12332 2 12346 1 12451 1 12506 1 12511 4 12530 3 12616 1 12619 1 12676 1 12685 1 12689 1 12698 1 12707 1 12724 1 12790 1 12828 1 12833 1 12897 1 12907 2 12983 1 12984 1 13033 1 13047 1 13070 2 13192 1 13241 1 13258 5 13261 1 13271 1 13286 1 13325 1 13332 2 13334 1 13401 1 13540 1 13541 1 13549 1 13691 1 13759 1 13775 1 13793 1 13809 1 13864 2 13923 1 14053 2 14159 1 14177 2 14200 2 14205 1 14303 1 14359 1 14373 1 14374 1 14456 1 14463 1 14465 1 14487 2 14527 1 14580 1 14629 1 14657 1 14671 1 14685 3 14693 1 14831 1 14915 1 14916 1 14921 1 14955 1 15019 1 15084 1 15087 3 15096 2 15098 1 15134 1 15190 1 15290 3 15328 2 15383 3 15390 1 15402 1 15446 1 15584 2 15632 1 15680 2 15730 1 15831 1 15847 1 15865 1 15880 12 15904 4 16014 4 16035 1 16042 1 16209 1 16282 1 16332 1 16354 1 16365 1 16372 1 16377 1 16379 1 16396 1 16410 1 16412 1 16413 2 16483 1 16487 3 16544 1 16568 1 16569 1 16574 1 16629 2 16692 1 16719 1 16736 1 16739 2 16784 2 16831 3 16930 1 16967 2 16982 1 17046 1 17087 1 17126 1 17159 1 17183 1 17197 1 17202 1 17215 1 17256 2 17269 1 17302 1 17345 1 17372 1 17377 1 17473 1 17609 1 17615 2 17708 1 17727 1 17741 1 17755 1 17773 1 17801 1 17844 4 17898 1 17910 1 17913 1 17992 1 18026 1 18067 1 18071 1 18101 1 18146 1 18152 1 18160 1 18192 1 18245 1 18257 1 18291 1 18300 1 18309 1 18313 1 18352 1 18439 2 18546 1 18598 1 18602 3 18619 1 18658 1 18676 1 18755 1 18769 1 18804 1 18830 1 18833 1 18840 1 18878 1 18881 4 18909 1 18912 3 18926 4 18963 6 19017 1 19143 5 19220 1 19248 2 19328 2 19334 1 19347 1 19351 1 19433 3 19439 1 19533 1 19566 1 19603 1 19643 1 19648 1 19657 1 19693 1 19733 1 19750 1 19773 4 19866 1 19896 2 19953 3 19973 1 19974 1 20051 1 20066 1 20103 1 20111 2 20236 1 20309 8 20357 1 20366 1 20371 3 20384 1 20402 1 20443 1 20470 1 20502 1 20539 1 20563 2 20577 1 20580 1 20616 1 20617 3 20644 1 20663 2 20701 1 20774 1 20877 2 21031 2 21032 1 21191 1 21252 1 21261 1 21300 1 21418 1 21424 1 21469 1 21616 1 21684 1 21704 1 21718 2 21726 1 21752 1 21864 1 21870 2 21872 1 21961 1 21980 1 22054 1 22111 5 22126 1 22137 1 22173 1 
230 1 1822 1 2641 1 2673 1 3489 1 3889 2 3940 1 6843 1 8053 1 11983 1 18963 1 21547 2 21864 1 
107 1 146 1 288 1 988 1 1224 1 3384 1 3489 2 3616 2 3889 1 4283 2 5219 1 6373 2 6523 1 7142 1 7590 1 7801 1 8000 1 8518 2 8757 10 9233 1 9451 2 9519 2 9830 1 10058 1 12341 2 12905 1 13093 1 13374 1 13393 2 14916 3 15397 1 15773 1 15963 9 16691 1 16875 1 17345 1 18863 1 18917 1 19658 1 19733 3 20663 2 21069 1 21183 1 21870 1 21890 1 
14 2 94 1 107 2 146 1 150 1 159 1 248 2 312 1 522 1 536 1 620 1 864 1 914 1 1200 1 1211 1 1224 2 1247 3 1253 1 1356 2 1465 1 1569 1 1710 1 1731 1 1822 1 1952 1 2045 1 2197 1 2614 1 2661 3 2966 1 3378 1 3439 1 3489 6 3514 1 3522 1 3556 3 3585 1 3788 1 3840 1 3889 16 4223 1 4225 1 4283 2 4530 1 4669 1 4787 1 4886 1 4914 2 5159 1 5325 1 5375 1 5427 1 5505 1 5714 1 5934 2 5950 1 5968 1 6242 8 6249 3 6250 1 6300 1 6338 1 6350 2 6376 1 6544 1 6548 1 6593 1 6608 1 6623 2 6707 1 6836 1 6839 1 6866 1 6931 1 7073 2 7410 1 7466 1 7507 1 7527 1 7537 1 7566 2 7587 1 7715 1 7716 1 7747 1 7816 1 7923 1 7986 1 7997 3 8045 2 8202 1 8303 1 8362 1 8369 1 8404 1 8518 2 8564 4 8638 1 8684 1 8745 2 8757 11 8806 1 8914 8 9109 1 9451 1 9519 1 9549 1 9632 1 9673 2 9778 1 9938 1 10058 2 10176 1 10177 1 10333 1 10390 1 10588 1 10687 1 10709 9 10857 1 11050 2 11256 4 11465 1 11499 1 11589 6 11609 2 11708 1 11734 1 11809 1 11852 1 11874 1 11928 1 11947 1 11957 1 11969 1 12249 1 12276 1 12316 1 12341 1 12492 1 12500 1 12560 1 12641 1 12768 1 12874 1 12905 4 13140 1 13218 1 13393 8 13452 1 13501 1 13525 1 13566 1 13655 1 13722 4 13762 1 13784 1 13972 1 14068 1 14240 1 14338 1 14355 1 14551 1 14762 1 14764 1 14916 2 15087 2 15298 2 15354 1 15443 1 15583 3 15710 1 15723 1 15904 1 15915 1 15919 1 16084 2 16283 1 16306 2 16478 1 16517 1 16569 2 16691 10 16859 1 16871 3 16875 1 16904 1 17132 1 17241 1 17302 2 17305 1 17335 2 17391 1 17447 1 17451 1 17530 2 17709 1 17893 1 18010 1 18070 2 18093 1 18147 1 18309 1 18414 1 18511 2 18525 1 18528 1 18735 1 18963 8 19120 1 19245 1 19310 1 19398 1 19693 1 19732 1 19753 1 19988 1 20103 1 20299 1 20967 1 20994 1 21005 1 21049 1 21246 1 21318 1 21623 2 21732 1 22111 1 22126 2 22159 1 
14 1 146 2 230 1 234 4 312 1 351 2 536 1 541 1 620 1 909 1 914 1 1029 4 1211 1 1356 2 1465 1 1569 1 1731 1 1817 1 1822 1 1908 1 1966 1 1980 2 2197 1 2428 1 2636 2 2641 1 2661 1 2673 1 2821 1 3203 1 3343 2 3385 3 3489 4 3663 1 3889 11 3940 1 4168 2 4206 1 4310 1 4443 1 4787 1 4882 1 4955 7 4970 1 5067 1 5231 1 5280 2 5438 1 5440 2 5501 4 5827 1 5968 1 6104 1 6219 1 6561 7 6685 1 6836 1 6843 2 7023 1 7030 1 7142 1 7156 2 7244 1 7274 1 7337 1 7355 1 7410 1 7555 1 7620 3 7630 1 7715 1 7716 2 7801 1 8045 4 8053 1 8290 1 8377 1 8518 9 8564 2 8914 3 9092 1 9519 4 9673 1 9902 3 9963 1 10333 4 10344 1 10390 1 10619 1 10624 6 10709 3 10857 1 10980 1 11095 4 11256 1 11473 1 11499 1 11514 1 11624 1 11728 3 11843 4 11969 1 11983 1 12184 1 12354 1 12636 1 12676 1 13093 1 13258 3 13298 4 13609 1 13655 1 13748 1 13901 1 13947 1 14037 1 14066 6 14068 1 14107 1 14288 1 14566 1 14647 1 14762 1 14764 1 14948 1 15159 1 15354 1 15383 1 15634 1 15819 3 15904 1 15918 1 15919 1 15954 1 15957 1 16040 1 16283 1 16379 4 16465 2 16478 1 16821 1 16904 1 16936 1 16954 1 17021 1 17099 1 17218 1 17305 2 17360 1 17530 1 17709 1 17811 1 17899 4 17915 1 18093 1 18191 1 18300 1 18439 2 18598 1 18665 3 18684 1 18881 5 18963 3 19141 1 19265 1 19334 1 19398 1 19548 1 19836 1 20366 1 20539 1 20801 1 20903 1 20916 1 21006 1 21069 1 21352 1 21460 3 21547 2 21623 2 21732 1 21752 1 21864 1 21870 4 21890 1 21916 1 22126 2 
14 1 107 5 146 2 230 1 248 1 288 3 312 1 345 1 536 1 792 1 914 1 948 2 958 1 988 1 1211 1 1224 2 1356 2 1375 1 1465 1 1482 1 1569 1 1716 1 1731 1 1822 1 1856 1 1908 3 2009 1 2086 1 2197 1 2349 2 2351 1 2355 1 2641 1 2660 1 2671 1 2673 1 3384 2 3461 1 3472 2 3489 7 3544 1 3831 1 3889 10 3940 3 3961 1 4283 3 4618 1 4662 1 4742 1 4791 1 5141 1 5169 1 5219 1 5413 1 5436 1 5440 1 5588 2 5592 2 5609 1 5709 1 5710 1 5827 1 5877 2 5934 2 5968 1 6033 1 6080 1 6176 1 6201 1 6249 3 6373 2 6506 1 6523 1 6623 2 6667 2 6836 1 6843 1 6844 1 6890 4 7156 1 7267 1 7371 3 7410 1 7507 1 7578 1 7590 1 7600 1 7601 1 7716 5 7801 2 7807 1 7998 1 8045 4 8053 1 8202 7 8218 4 8369 1 8370 1 8518 14 8564 2 8757 25 8914 3 9022 1 9033 1 9138 3 9196 1 9233 1 9289 2 9351 2 9427 3 9442 1 9451 3 9519 6 9529 1 9673 1 9820 1 9830 1 10027 3 10058 2 10216 2 10225 2 10344 2 10390 1 10514 1 10709 3 10846 1 10857 1 10896 1 11256 3 11317 1 11405 1 11443 1 11465 2 11499 1 11589 1 11641 1 11951 3 11969 1 11983 1 12178 1 12192 1 12200 4 12224 1 12266 1 12341 11 12641 1 12719 1 12787 1 12905 3 13042 1 13093 1 13192 3 13257 4 13298 2 13312 2 13393 12 13590 1 13655 1 13722 1 13762 2 13926 1 13960 1 14068 1 14209 1 14240 1 14249 1 14526 2 14762 1 14764 1 14849 1 14916 11 15082 1 15121 4 15157 2 15187 1 15354 1 15735 1 15773 3 15819 1 15904 1 15909 1 15919 1 16176 1 16306 1 16465 2 16478 1 16667 1 16691 3 16746 1 16871 3 16875 5 17305 1 17345 2 17476 2 17530 2 17594 1 17602 1 17709 1 17899 1 17961 1 18058 2 18067 1 18093 2 18206 3 18263 1 18448 1 18511 1 18598 2 18684 1 18826 2 18917 1 18963 2 19073 1 19213 1 19398 1 19480 1 19521 1 19612 1 19658 2 19733 3 19753 1 19866 1 19886 2 20057 3 20081 1 20109 1 20127 8 20141 2 20159 1 20256 2 20262 1 20466 1 20515 1 20663 2 20734 1 20967 1 21069 1 21089 1 21183 1 21246 2 21300 1 21311 2 21547 2 21623 2 21732 1 21795 1 21864 1 21870 2 21890 3 22126 2 22160 1 22164 2 
150 1 706 1 948 2 958 1 1239 1 1389 1 1856 1 1908 2 2351 1 2530 1 2673 1 2787 1 3142 1 3399 2 3801 1 3889 3 4142 1 4829 1 4914 1 5169 1 5231 2 5436 1 5609 1 6623 2 6859 2 6890 1 7126 2 7285 1 7578 1 7998 2 8045 2 8518 8 8745 1 8757 1 9170 1 9342 1 9413 2 9519 1 9569 1 9765 1 9852 1 9944 1 9963 1 10027 2 10073 1 10225 2 10624 2 10996 1 11016 1 11224 1 11589 1 11768 1 11955 1 12178 1 12741 1 13501 1 14634 1 14916 1 14921 1 14930 1 15044 2 15273 1 16380 1 16645 1 16691 1 16871 1 16930 1 17196 1 17363 1 17836 1 18439 2 18770 1 19088 1 19128 1 19896 3 20015 1 20236 1 20577 1 20902 1 21246 1 21645 1 21752 1 21870 1 21980 1 
1124 1 5388 6 8053 1 9407 1 12853 1 14916 1 17773 1 18602 1 
17893 1 21481 1 
8518 1 10027 1 14916 1 
215 1 4914 1 9177 1 15596 1 17893 1 20236 1 20443 1 20601 1 21481 1 
234 2 522 2 894 2 1282 1 1822 2 2216 2 3889 2 4791 2 5436 2 8369 2 8757 4 9124 1 10104 1 13261 2 13393 2 14845 2 15103 1 16544 2 16691 4 18963 2 20644 2 20882 2 20900 2 21870 2 
288 1 1908 1 2086 1 3489 1 3831 1 3889 2 4742 1 4914 1 5388 2 6249 1 6623 1 7156 1 7998 1 8045 1 8518 2 8757 4 9289 1 13257 1 15121 1 16465 1 16691 2 18598 1 18644 1 18744 1 20127 1 20515 1 20734 1 21870 1 
107 1 288 1 948 1 958 1 1908 1 2086 1 2349 1 3831 1 3889 3 4742 1 4791 1 5169 1 5413 1 5436 1 6249 2 6623 1 6890 1 7156 1 7998 1 8045 1 8163 1 8518 2 8757 4 9289 1 11465 2 12178 1 13192 2 13257 1 13393 3 14249 1 14916 1 15121 1 15773 1 16465 1 16691 1 16875 1 17474 1 17476 1 17530 1 18598 1 19658 1 19753 1 20109 1 20127 1 20141 1 20403 1 20515 1 20734 1 21300 1 21311 1 21870 1 22160 1 22164 1 
536 1 1769 1 6250 1 8934 1 15157 1 16306 1 18511 1 
10 1 536 1 541 1 3061 1 3889 1 5749 1 8096 1 8564 1 8914 1 9673 1 10709 1 10718 1 10872 1 11465 1 11499 1 11955 1 14242 1 14993 2 15157 1 16306 1 17226 1 18511 1 18830 1 22164 1 
108 1 1908 1 1968 1 4829 1 5048 3 5388 4 6223 1 8175 1 8369 1 14916 1 16040 1 17893 1 21481 1 
202 1 214 1 242 1 673 1 1082 1 1098 2 1504 1 1863 1 1908 1 2009 1 2351 1 2355 1 2455 1 2627 1 2673 1 3143 1 3260 1 3889 2 3940 1 4153 1 4206 1 4223 3 4392 1 4640 1 4812 1 4914 3 5007 1 5090 1 5440 1 5802 1 6252 1 6368 2 6463 1 6543 1 7126 1 7622 1 7944 1 8502 1 8518 6 8757 1 8914 1 10104 1 10155 1 10225 1 10709 1 11054 2 11158 1 11609 1 12354 2 12521 1 12550 1 12907 1 14330 1 14551 1 14916 2 15223 1 15248 1 15402 1 16691 2 16831 1 16920 1 17132 1 17302 1 17910 1 18881 1 18909 1 18963 2 19432 1 19753 1 19896 1 20111 1 20801 1 21870 1 21890 1 
9 1 34 1 117 1 202 1 203 1 1098 2 1863 1 2009 1 2355 1 3260 1 3889 2 3940 1 4142 1 4153 1 4168 1 4223 2 4640 1 4914 2 5007 1 5802 1 6097 1 6252 1 7622 1 8290 1 8502 1 8518 5 8757 2 8914 1 10155 1 10472 1 10709 1 11256 1 11497 1 11609 1 11766 1 11947 1 12341 1 12521 1 12550 1 12655 1 14330 1 14363 1 14529 1 14916 1 15103 1 15248 1 15356 1 15592 1 16691 1 16831 1 16871 2 16920 1 17132 1 17302 1 17506 1 17865 1 18830 1 18963 1 19067 1 19432 1 19753 1 19896 1 
14529 1 14916 1 15651 1 19997 1 
3399 1 5436 1 6859 1 8045 1 18439 1 
20601 1 
115 2 150 1 230 1 672 1 1705 1 2258 1 3831 1 3883 2 3889 4 3940 1 4774 2 4946 1 5231 1 5397 1 5592 2 5819 1 6249 2 6287 1 6587 1 6623 1 6859 2 7337 1 7684 1 8053 4 8202 1 8518 1 8757 1 10027 1 10247 1 10624 1 11461 1 11852 1 12894 1 13856 1 13901 1 14916 1 15060 1 15596 2 16110 1 16916 1 16983 1 17345 1 17811 1 18826 1 18917 2 19347 1 19612 1 19753 1 19896 1 20111 1 20539 1 21870 6 22022 1 22126 2 
1995 1 3889 1 4914 2 5934 1 6859 1 8518 1 8757 2 9661 1 9854 1 10027 3 10588 1 13901 1 14916 2 16691 2 21433 1 21890 2 
891 1 1504 1 8096 1 8518 1 10716 1 11465 2 12341 1 14916 1 16699 1 18263 1 18422 1 20882 1 22164 1 
87 1 146 1 230 1 511 2 673 1 864 1 958 1 1117 1 1856 1 1863 1 2258 2 2355 1 2673 1 2787 1 3203 1 3400 1 3889 6 3940 1 4142 1 4618 1 4747 1 4787 1 4829 1 5169 3 5592 4 5950 1 6176 1 6252 2 6287 1 6294 1 6587 2 6815 2 6890 2 7015 1 7285 2 7662 1 8009 1 8045 1 8202 2 8369 1 8518 7 9938 1 10027 2 11221 1 11456 2 12341 1 14718 1 14916 2 15157 2 15397 1 15870 2 16110 1 16283 1 16306 2 16667 1 16871 2 17530 1 17792 1 17811 1 18263 1 18511 2 18826 1 18840 1 19432 1 19685 2 19753 1 19896 1 19953 1 20085 1 20111 1 20809 1 20902 1 21246 1 21487 1 21778 1 21870 10 
146 1 1726 2 1968 1 2213 1 2929 1 4134 1 5169 1 6669 1 6843 2 7092 2 8038 4 8776 1 8956 1 9092 1 9173 1 9340 1 10337 2 11945 2 12273 1 12645 1 13160 1 14130 1 14634 2 15680 1 16784 2 17831 1 18067 2 18209 1 19868 1 20063 1 20990 1 
150 1 234 2 281 1 651 1 948 1 1239 1 1313 1 2349 1 2455 1 2902 1 2970 1 3010 2 3889 2 4583 1 4791 1 4832 2 4862 1 5325 1 5427 1 5588 1 5681 1 6080 2 6249 1 6252 2 6463 1 7087 1 7126 1 7337 1 7724 1 8020 1 8045 1 8518 3 8829 1 9092 1 9224 2 10137 1 10214 2 10655 1 11589 1 12336 1 12894 1 13146 1 13192 1 13335 1 13537 1 14007 1 14551 2 14565 1 14580 1 14832 1 14884 1 15060 1 15742 3 16377 1 17192 1 17546 1 17733 1 17893 2 18799 1 19693 1 19896 1 20470 1 20588 1 21141 1 21821 1 21890 1 
522 2 864 1 873 1 1943 3 1968 1 2645 3 3203 1 3260 1 3525 1 3889 2 3990 1 4662 1 4872 1 5231 1 5909 1 6223 1 6548 1 6839 1 7073 2 7246 1 7285 1 7662 2 7923 2 8045 3 8202 1 8303 1 8806 1 8914 1 9022 2 9342 1 10225 1 10296 1 10709 1 11148 1 12542 1 16647 1 16871 1 17964 1 18067 2 19284 1 19432 1 20015 1 20967 1 
115 1 829 1 1239 1 1471 1 1529 1 2009 1 3061 1 4560 1 4695 1 5304 1 5413 1 5609 1 5633 1 6097 1 6373 1 6931 1 7175 1 7352 1 7917 1 8914 1 8932 1 12524 1 14107 1 14326 1 14631 1 17125 1 17581 1 18881 1 18926 1 19753 1 20141 1 20359 1 20470 1 20531 3 20967 2 22066 1 
281 1 351 1 553 1 638 1 853 1 948 1 1237 1 1445 2 1649 1 1908 1 2428 1 2645 3 2673 1 2895 1 3065 1 3101 1 3203 1 3260 1 3415 2 3784 2 3889 3 4747 1 4882 1 4963 1 5427 2 5462 1 5827 1 5909 1 6176 1 6287 2 6300 2 6510 2 6623 1 6839 1 6949 1 6998 1 7073 1 7662 1 7691 1 7807 1 8045 2 8077 1 8369 1 8511 1 8744 2 8757 1 9451 3 9963 1 10488 1 10531 1 10754 1 11400 1 11429 1 12611 1 13258 1 13501 1 13600 1 13947 1 14346 1 14487 2 14529 1 15087 2 15293 2 16110 1 16126 1 16283 1 16379 2 16581 1 16859 1 17132 1 18067 2 18881 1 18912 1 19343 1 19523 1 19733 2 19868 2 20111 1 20141 1 20451 1 20496 1 20571 2 20701 5 20882 1 21069 1 21138 1 21246 1 21364 2 21569 2 21752 1 
673 1 2009 1 2787 1 3556 1 3889 1 5169 1 6176 1 6252 1 6694 1 6815 2 6839 1 7016 1 7030 1 7126 1 8202 1 8369 1 8518 2 10027 1 10149 1 10225 1 10625 1 12341 1 13605 1 15060 1 16110 1 16511 1 17689 1 18830 1 19940 1 20317 1 20518 2 20902 1 20967 2 21246 2 
1029 3 1297 1 2206 1 2229 1 3831 1 3889 3 5940 1 6258 1 8518 1 10333 1 10390 1 11105 1 11189 2 13769 1 14995 1 16859 1 17687 1 18598 1 18665 3 19121 2 20518 1 20801 1 21138 1 22126 1 
150 1 214 1 441 1 553 1 638 1 2053 4 2163 1 2291 1 2614 1 2821 1 3167 1 3556 1 3889 2 4235 1 4747 1 5169 1 5343 1 5440 1 5622 1 5798 1 6176 1 6252 1 6815 2 6890 1 7698 1 7811 1 7923 1 8045 1 8303 1 8518 1 8757 1 9022 1 9852 1 9951 1 10225 1 10472 1 10727 1 11589 1 12248 1 12469 1 12521 1 12829 1 12840 1 13089 1 13501 1 13748 1 13972 1 14586 1 14718 2 14973 1 15248 2 15648 2 15860 1 16379 2 16477 1 16764 1 16859 1 16920 1 17316 1 17451 1 17530 1 18602 1 18652 1 18748 1 18889 1 19432 1 19931 1 20111 1 20518 1 20802 1 20811 1 20967 1 21069 1 21147 2 
112 1 282 1 765 1 3889 2 4168 1 5182 2 6400 1 8303 1 8577 1 8806 1 8872 1 8914 1 9176 1 10709 1 13605 1 13809 1 13974 1 16623 1 17070 1 18004 1 18067 1 18748 1 19416 1 19700 1 20147 1 20664 1 21106 1 
114 1 115 1 1400 1 2009 1 2127 1 2616 1 2627 1 3260 1 4374 1 4695 1 4740 1 4747 1 5351 1 5439 1 7716 1 7940 1 8045 2 8469 1 8518 1 8577 1 10407 1 11159 1 15293 1 15402 1 16691 1 17546 1 18333 1 19398 1 19626 2 20170 1 20215 1 21246 2 21486 1 21675 1 
