68 20194 7653
102 1 414 1 425 2 725 1 1001 1 1018 1 1404 2 1686 1 2019 1 2039 3 2870 1 3003 1 3011 1 3373 1 3473 1 3488 2 3528 1 3630 1 3807 1 3813 2 3858 2 4046 1 4062 1 4161 1 4176 1 4178 3 4215 1 4504 1 4528 5 4788 2 4946 1 4975 1 5012 2 5220 1 5435 1 5473 1 5653 1 5760 1 6043 2 6150 2 6224 1 6616 1 6685 1 6725 1 6757 1 6915 4 7182 1 7302 1 7794 1 7836 1 7924 1 8343 1 8498 1 8715 1 8748 1 8776 1 9198 1 9410 4 9581 1 9594 1 9708 1 9712 1 9788 1 9990 1 10094 1 10132 1 10156 1 10199 1 10207 3 10311 1 10563 1 10600 1 10699 1 10836 1 10921 1 11165 1 11268 10 11420 3 11502 1 11962 1 12032 2 12058 1 12143 1 12210 1 12246 2 12411 6 12467 2 12660 1 12849 1 13006 2 13193 1 13265 1 13323 3 13367 1 13574 1 13808 1 13958 1 14042 1 14110 1 14197 9 14239 1 14438 1 14480 1 14534 1 14707 1 14766 1 14782 1 15027 1 15139 1 15327 1 15328 2 15534 1 15659 1 15728 1 15961 1 16518 2 16673 1 16785 1 16836 1 16875 2 16932 1 16960 1 17409 2 18004 2 18031 1 18051 1 18253 1 18318 1 18323 2 18381 1 18552 1 18890 2 19049 2 19114 1 19129 1 19164 1 19569 2 19602 1 19845 1 19899 1 19953 1 19976 2 19995 1 20187 1 
30 1 541 1 572 1 1018 1 2010 1 2374 1 2602 1 2705 1 5077 2 5080 1 5172 1 6043 1 6224 1 6570 2 6679 1 6915 1 7736 1 8544 1 8938 1 9025 1 9198 1 9202 1 9410 1 10207 1 11268 5 12032 3 12058 1 12411 1 13583 1 14042 1 14079 1 14197 1 14415 2 14761 1 15086 1 15329 1 15708 1 15765 1 16098 1 17409 1 17663 1 18890 1 18898 2 19129 2 19264 1 19299 1 19953 1 20158 1 20194 1 
270 1 425 1 739 1 1018 2 1352 1 2011 1 2039 1 2106 1 2311 1 2456 1 2492 1 3003 2 3011 5 3263 1 3446 1 3648 1 3984 1 4528 2 4576 1 4800 1 4945 1 5048 1 5499 1 5600 1 5809 1 5907 1 6233 1 6616 2 6845 1 7212 1 7302 2 7762 1 8045 1 8176 1 8261 1 9410 2 9574 1 9867 1 10286 1 10671 1 10699 1 10836 2 10844 1 11060 1 11232 1 11412 1 11420 1 11508 1 11543 1 11852 2 12058 1 12110 2 12411 4 12554 2 12750 1 13027 1 13388 1 13601 1 13679 1 13928 1 14197 7 14414 1 15241 1 15328 1 15616 1 15714 1 16557 1 17409 1 17955 1 18004 1 18643 1 18999 1 19215 1 20191 1 
572 1 2208 1 3011 2 3303 1 4800 1 5077 1 6270 1 8544 1 8938 1 9410 1 11268 4 11522 1 12032 1 12787 1 12817 1 12968 1 13006 2 14042 1 14197 1 14371 1 14931 1 15289 1 15616 1 16353 1 16673 1 16960 1 17409 2 20191 1 
448 1 739 1 751 1 781 1 1264 1 1578 1 2263 1 2276 1 2435 1 2863 1 3011 2 3036 1 3722 1 4267 1 4528 3 4942 1 5321 1 5879 1 6233 2 6798 1 6845 1 7518 1 7567 1 7762 1 8237 2 8241 1 8261 1 8564 2 8748 2 8917 1 9761 1 10155 2 10286 1 11268 4 11420 1 12411 1 12549 2 12649 3 12660 1 13006 1 14068 1 14197 2 14263 1 14480 1 14959 1 15297 1 15380 1 15710 1 15728 2 16193 1 16960 2 17351 2 17409 1 17436 1 17848 2 18004 1 19111 1 19164 1 19953 2 19962 1 20188 1 
164 1 4178 2 4528 1 5012 2 9410 1 11420 1 12110 1 12411 1 12984 1 16403 1 17409 1 18004 1 20187 1 
164 3 183 1 338 1 412 1 718 3 739 1 808 1 980 1 998 1 1001 2 1165 5 1213 1 1261 2 1318 1 1345 1 1377 1 1404 1 1491 1 1496 1 1578 3 1609 1 1616 1 1755 2 1826 1 2010 1 2039 2 2263 1 2311 1 2362 1 2369 1 2435 1 2514 1 2515 2 2863 1 2870 2 2877 1 3011 12 3043 1 3060 1 3126 1 3129 1 3132 1 3204 1 3256 4 3263 3 3308 1 3368 1 3436 1 3452 1 3567 2 3599 1 3732 3 3810 1 3929 1 4050 1 4133 2 4198 4 4250 2 4267 1 4522 2 4528 5 4533 1 4655 1 4674 1 4788 1 4800 3 4975 1 4990 1 5180 1 5321 3 5465 1 5499 1 5653 1 5781 1 5829 2 5879 1 5943 1 6025 6 6061 1 6233 1 6270 2 6391 1 6441 1 6459 1 6471 1 6474 1 6521 1 6616 1 6798 3 6859 1 7174 2 7207 1 7212 1 7310 1 7518 2 7538 1 7614 2 7656 1 7755 5 7762 1 7790 1 7834 1 7855 1 7924 1 7953 1 7958 1 8034 1 8045 2 8088 1 8176 2 8229 1 8237 1 8241 2 8261 1 8297 1 8324 1 8478 2 8513 1 8548 1 8555 1 8564 5 8715 1 8846 1 8902 3 8917 1 8935 2 9198 1 9410 10 9581 2 9606 1 9618 1 9715 1 9873 1 9990 1 10007 1 10012 1 10094 4 10104 1 10155 1 10199 1 10207 4 10311 1 10458 1 10506 1 10672 1 10785 1 10844 2 10986 1 11025 1 11032 1 11060 1 11123 2 11165 7 11268 11 11304 1 11316 1 11375 1 11420 3 11449 2 11481 1 11502 2 11687 1 11710 2 11838 1 11844 1 11861 1 12143 1 12210 1 12246 1 12267 1 12308 1 12411 8 12478 2 12494 1 12554 1 12616 1 12660 12 12665 1 12693 1 12876 1 12914 1 12968 1 12984 1 12995 1 13006 1 13039 1 13601 1 13679 2 13775 2 13796 1 14017 1 14043 1 14145 1 14172 1 14197 13 14339 1 14433 1 14438 1 14440 1 14480 3 14707 1 14850 2 14868 3 14909 1 14934 1 14950 2 14985 3 15130 3 15267 2 15351 2 15388 2 15710 1 15751 1 15771 1 15853 1 15944 1 15961 1 16098 1 16100 1 16110 1 16193 1 16300 1 16332 1 16443 1 16638 1 16673 3 16753 1 16771 1 16894 2 16911 2 16960 1 17017 1 17019 1 17024 1 17128 1 17189 3 17311 1 17351 5 17409 2 17490 1 17743 1 18004 8 18018 2 18051 2 18073 1 18076 1 18081 1 18323 4 18331 1 18564 1 18572 1 18625 1 18672 1 18692 1 18773 1 18898 3 19066 1 19073 4 19129 2 19164 11 19206 1 19250 2 19348 2 19498 1 19533 1 19561 1 19569 2 19636 3 19690 1 19702 1 19776 2 19953 2 20181 1 20188 1 
18 1 86 2 157 1 322 1 448 1 572 1 835 1 1001 1 1185 1 1380 1 1686 1 2045 2 2051 1 2133 1 2192 1 2286 1 2484 1 2815 1 2927 3 2938 1 2961 1 3011 1 3263 1 3472 1 3486 1 3882 2 4216 1 4387 2 4614 1 5020 1 5118 1 6019 1 6232 1 7023 1 7170 1 7449 2 7634 1 7779 2 7891 1 7988 2 8039 1 8074 1 8128 2 8229 1 9269 2 9274 1 9312 2 9410 1 9595 1 9652 1 9705 1 9783 1 9788 1 9912 1 10432 1 10472 1 10656 1 10694 1 11268 3 11420 1 11485 2 11674 1 12123 1 12876 1 13011 1 13027 1 13700 4 13775 1 13958 2 14433 1 14854 1 14974 2 15372 1 15380 1 16129 1 16612 3 17334 1 17356 4 17409 1 17608 3 17894 1 17986 1 19049 1 19111 1 19129 1 19575 1 19854 1 19976 1 20155 1 20189 1 
75 2 137 2 164 1 417 2 615 1 1018 2 2045 1 2578 2 3263 1 3316 1 5742 2 7342 2 9262 1 9269 1 9312 1 9410 1 9595 2 9712 1 9719 1 10908 1 11150 2 11893 1 12110 2 12678 1 13775 1 13881 1 15104 1 16403 1 17041 1 17051 1 17408 1 17443 1 18262 1 19049 2 20193 1 
1830 1 3310 1 3316 1 6061 1 6088 1 6837 1 6962 1 7304 1 7993 1 8564 1 9269 1 9410 2 9541 1 9865 1 10600 1 10978 1 11165 1 12154 1 14197 1 16987 1 17538 1 18004 1 18213 1 18373 1 18882 2 19041 1 19049 3 19373 1 19377 1 20194 1 
47 2 100 1 240 1 273 1 291 1 322 2 369 1 385 1 446 1 448 1 521 1 555 2 572 1 699 2 803 1 808 1 810 1 862 3 923 2 934 1 982 11 1018 2 1106 1 1158 1 1214 1 1257 1 1261 1 1298 1 1331 1 1360 1 1379 1 1404 1 1408 1 1448 1 1690 1 1699 1 1724 1 1790 1 1966 1 2020 2 2039 1 2045 1 2085 1 2272 1 2311 2 2371 3 2418 4 2525 1 2542 1 2647 1 2667 2 2701 1 2720 2 2928 1 3003 5 3011 1 3160 1 3235 1 3243 1 3354 2 3368 1 3380 1 3452 1 3455 1 3750 5 3751 1 3774 1 3779 1 3806 1 3847 1 3882 1 3912 1 3962 1 3981 2 3990 1 4161 1 4202 1 4230 1 4411 1 4415 1 4448 1 4528 2 4551 1 4576 1 4614 1 4677 3 4718 1 4800 1 4825 1 4907 1 4975 1 4999 1 5007 1 5020 5 5065 1 5077 1 5172 3 5180 1 5189 1 5213 1 5246 1 5252 1 5275 1 5373 1 5442 3 5460 2 5518 1 5655 1 5702 1 5742 1 5909 1 5922 1 5937 1 5940 5 5943 2 6064 1 6148 1 6150 1 6232 1 6251 1 6268 1 6299 1 6338 1 6393 1 6586 1 6610 3 6660 1 6672 1 6744 1 6798 1 6845 1 6878 1 6883 1 6912 1 6915 4 6962 1 7023 1 7068 4 7072 1 7097 3 7268 1 7302 9 7312 1 7314 1 7342 1 7453 3 7736 1 7760 1 7779 1 7837 1 7871 1 7927 1 7929 1 8008 1 8045 2 8093 1 8128 1 8144 2 8221 1 8224 1 8229 2 8237 3 8250 1 8310 1 8343 2 8345 1 8350 3 8405 1 8508 1 8624 2 8753 1 8801 1 8841 1 8947 1 8956 2 9018 1 9029 2 9088 1 9108 1 9115 1 9174 2 9312 1 9410 3 9432 1 9501 1 9670 2 9705 2 9730 2 9761 2 9783 2 9890 1 9893 1 9912 1 10007 1 10008 1 10039 1 10060 1 10094 3 10105 2 10128 1 10141 1 10199 2 10207 3 10231 1 10277 1 10378 1 10407 3 10503 1 10510 2 10593 1 10642 1 10669 1 10691 1 10699 2 10750 3 10836 9 10844 1 10890 1 10948 1 10978 1 10997 1 11122 1 11268 9 11420 2 11449 3 11508 1 11584 1 11636 1 11698 1 11710 1 11804 1 11984 2 12000 1 12030 1 12032 1 12143 1 12184 1 12210 2 12217 1 12246 2 12302 1 12339 1 12350 1 12411 2 12450 1 12455 1 12482 4 12514 1 12554 1 12566 1 12660 4 12727 1 12784 2 12787 2 12831 1 13006 1 13070 1 13215 1 13265 1 13371 1 13441 1 13561 1 13593 1 13594 1 13775 1 13995 3 14110 1 14129 1 14152 1 14197 11 14253 1 14371 1 14553 2 14707 1 14761 2 14782 1 14847 1 14916 1 14952 1 14974 1 14994 1 14995 1 15086 1 15176 1 15193 1 15233 1 15251 1 15265 2 15297 1 15328 1 15329 1 15351 2 15383 1 15399 2 15455 1 15483 1 15594 1 15595 1 15616 1 15620 1 15662 1 15702 1 15728 1 15751 1 15765 1 15828 6 15886 2 15995 1 16088 1 16157 4 16193 1 16315 1 16339 1 16345 1 16436 1 16440 1 16553 3 16673 1 16753 2 16875 1 16952 1 16960 2 17017 1 17111 1 17153 1 17198 2 17219 1 17323 1 17356 1 17392 1 17409 2 17435 1 17443 1 17516 4 17601 1 17609 1 17616 1 17663 1 17664 4 17877 1 18004 2 18103 1 18153 3 18243 1 18262 1 18394 2 18487 1 18513 1 18530 1 18532 1 18537 1 18540 1 18564 1 18610 2 18882 1 18898 1 19049 3 19071 9 19073 1 19111 1 19114 2 19129 1 19135 1 19164 4 19264 2 19466 1 19536 1 19602 4 19636 1 19679 3 19824 1 19909 1 19931 1 19976 1 19995 1 20125 1 20158 1 20188 1 
18 1 27 1 249 2 446 1 448 1 572 1 602 3 661 3 751 2 835 1 1001 1 1158 1 1310 1 1380 1 1399 1 1686 6 1724 1 1790 1 1948 2 2020 1 2045 1 2128 1 2133 1 2286 6 2482 2 2484 1 2542 1 2815 1 3359 2 3380 1 3436 1 3472 1 3486 1 3847 3 3882 1 3977 1 4006 1 4178 2 4363 1 4387 1 4411 1 4416 1 4462 1 4528 1 4614 1 4679 1 4975 1 4999 1 5007 1 5020 3 5373 1 5609 1 5702 1 6019 1 6232 1 6404 1 6835 1 7072 1 7183 1 7634 7 7779 1 7891 1 7927 1 7988 2 8031 1 8229 2 8343 2 8644 1 8935 1 9108 1 9269 1 9312 1 9432 1 9595 1 9705 2 9783 1 9912 3 9944 2 9953 1 10199 2 10207 1 10423 3 10437 1 10472 1 10503 1 10593 1 10656 1 10687 1 10699 2 10890 1 10948 1 10997 1 11165 1 11268 3 11420 1 11449 2 11485 2 11674 1 11804 1 11844 1 12184 1 12350 1 12411 2 12473 6 12554 1 12567 1 12648 1 12660 3 12876 1 13011 1 13265 1 13440 1 13593 2 13775 2 13791 1 13958 2 13995 4 14003 1 14152 2 14197 3 14533 2 14707 1 14974 2 15199 1 15317 1 15351 1 15380 2 15383 1 15391 1 15824 6 16088 1 16388 1 16612 2 17004 1 17100 1 17356 2 17409 3 17609 1 17663 2 17894 1 17986 1 18004 6 18925 1 19049 1 19057 2 19071 1 19164 3 19280 2 19507 1 19536 1 19635 1 19636 2 19976 1 19995 1 20083 1 20155 1 20189 1 
446 1 448 1 572 1 835 1 1001 1 1158 1 1380 1 1686 5 1790 1 2020 1 2045 1 2133 1 2286 1 2815 1 3380 1 3472 1 3486 1 3882 1 4387 1 4411 1 4528 1 4614 1 4975 1 4999 1 5020 1 5373 1 5702 1 6019 1 6232 1 7072 1 7634 1 7779 1 7891 1 7927 1 7988 2 8229 2 8343 2 9108 1 9269 1 9312 1 9432 1 9595 1 9783 1 9912 4 10199 2 10472 1 10593 1 10656 1 10890 1 10997 1 11268 2 11420 1 11449 2 11485 2 11674 1 11804 1 12411 1 12660 3 12876 1 13011 1 13265 1 13593 1 13775 2 13958 2 14197 3 14707 1 14974 2 15351 1 15380 1 16088 1 16612 2 17356 1 17409 2 17609 1 17894 1 17986 1 19049 1 19164 3 19636 1 19976 1 19995 1 20155 1 20189 1 
64 1 155 1 164 5 183 1 369 1 448 2 472 1 718 2 739 2 998 1 1001 4 1158 1 1165 5 1213 1 1261 1 1377 1 1404 1 1481 1 1491 1 1496 1 1571 1 1578 2 1609 1 1616 1 1686 1 1691 2 1754 1 1755 2 1790 1 1826 1 2019 1 2020 1 2039 4 2070 1 2263 1 2369 1 2435 1 2515 1 2863 1 2870 3 3011 13 3043 1 3060 1 3129 1 3132 1 3185 1 3256 4 3263 4 3308 1 3368 1 3380 1 3452 2 3486 1 3567 2 3732 1 3780 1 3805 1 3810 1 3853 2 3882 1 3950 2 4050 1 4133 2 4198 6 4230 1 4250 2 4267 1 4337 1 4411 1 4528 1 4533 1 4551 1 4655 2 4674 1 4937 3 4975 1 4990 1 4999 1 5020 1 5077 1 5180 1 5321 3 5373 2 5499 1 5549 1 5612 1 5638 1 5653 1 5702 1 5781 1 5787 1 5829 2 5879 1 5905 1 5943 1 6009 1 6048 1 6270 1 6391 1 6441 1 6471 1 6474 1 6521 1 6616 1 6745 1 6798 3 6839 1 6859 1 6915 1 7072 1 7174 2 7212 1 7304 3 7384 1 7518 3 7614 2 7656 1 7755 3 7779 2 7834 1 7855 1 7891 1 7924 1 7927 1 7953 1 7958 1 8033 1 8034 1 8045 2 8229 1 8237 1 8324 1 8343 2 8444 1 8478 1 8548 1 8555 1 8564 5 8715 1 8769 1 8777 1 8846 1 8902 3 8910 1 8935 1 8966 2 9108 1 9198 1 9269 1 9410 10 9432 1 9581 2 9595 1 9618 1 9626 1 9712 1 9715 1 9865 1 9873 1 9990 1 10012 1 10094 3 10199 2 10207 5 10311 2 10458 1 10506 1 10593 1 10672 1 10699 1 10785 1 10844 2 10850 1 10890 1 10921 1 10948 2 10986 2 10997 1 11025 1 11032 1 11123 2 11165 6 11178 1 11186 1 11268 10 11304 2 11420 2 11449 3 11454 1 11481 1 11485 1 11502 2 11543 1 11698 1 11710 2 11838 2 11844 1 11861 1 12110 2 12133 1 12170 1 12210 1 12217 1 12246 2 12411 8 12467 3 12478 2 12579 1 12616 1 12660 16 12693 1 12730 1 12787 2 12914 2 12984 1 13006 1 13027 1 13265 1 13414 1 13593 1 13700 1 13739 1 13775 2 13796 1 14017 1 14042 1 14103 2 14110 1 14145 1 14172 1 14197 22 14204 1 14339 1 14407 4 14433 3 14480 3 14707 1 14850 2 14868 1 14909 1 14950 2 14985 3 15100 2 15170 1 15267 2 15289 1 15328 1 15351 2 15353 1 15380 1 15388 3 15410 1 15463 5 15616 1 15659 1 15751 1 15853 1 15856 1 15944 1 15978 1 15995 1 16041 1 16088 1 16098 1 16100 1 16110 2 16193 1 16300 1 16436 1 16638 1 16645 1 16673 2 16753 1 16771 1 16975 1 17019 1 17105 2 17128 1 17252 1 17311 1 17351 5 17409 2 17490 1 17609 1 17743 3 17894 2 17986 1 18004 7 18018 2 18051 2 18073 1 18076 1 18081 1 18090 2 18122 1 18323 3 18331 1 18546 1 18564 1 18625 1 18692 2 18792 1 18890 2 18898 2 19045 1 19049 1 19066 1 19073 1 19129 1 19164 14 19215 1 19250 2 19264 2 19348 1 19378 1 19569 2 19636 1 19776 2 19976 1 19995 1 20125 2 20188 1 
47 1 164 1 249 1 448 2 472 1 1686 2 2039 1 2286 1 2480 1 3003 3 3486 1 3805 1 3819 1 3847 1 3853 1 3950 1 4178 2 4988 1 5020 1 5077 1 5345 1 5373 1 5408 1 7302 3 7561 1 7634 1 7755 1 7779 2 7891 1 8966 1 9595 1 10428 1 10694 2 10699 3 10836 3 10948 2 11196 1 11268 1 11698 1 12110 2 12411 1 12784 1 14152 1 14197 2 14733 1 15170 1 15328 3 15380 1 15995 1 17409 1 17894 2 17986 1 18890 1 19049 1 19071 3 19073 1 19129 2 20189 1 
982 1 10447 1 10699 1 16313 1 16673 1 20194 1 
412 1 516 1 3011 1 5650 1 9867 2 10699 1 14197 2 17606 1 20191 1 
412 1 12110 1 12827 1 13881 1 20194 1 
237 1 412 1 448 1 982 1 991 1 1158 1 1263 1 1335 1 1790 1 1948 1 2020 1 2347 1 2788 1 2852 1 2892 1 2959 1 2966 1 3003 2 3263 1 3380 1 3882 1 3981 2 4170 1 4411 1 4528 2 4894 1 4975 1 4999 1 5114 1 5346 1 5373 1 5496 1 5682 1 5702 1 6150 1 6378 1 6915 1 6981 1 7072 1 7153 1 7302 2 7475 1 7927 1 7982 2 8229 1 8343 2 8665 1 8776 1 9108 1 9260 1 9363 1 9432 1 9566 1 9606 1 9790 1 10199 2 10286 1 10484 1 10593 1 10836 2 10890 1 10997 1 11359 1 11411 1 11412 1 11420 3 11449 2 11489 1 11553 1 11583 1 12030 1 12411 1 12473 1 12660 3 12728 1 12784 2 13006 2 13265 1 13286 1 13593 1 13775 1 13875 1 13995 2 14135 1 14197 4 14264 1 14533 1 14707 1 14736 1 15205 1 15328 1 15351 1 15399 1 15607 1 15616 1 15824 1 16088 1 16435 1 16753 1 16906 1 16975 1 17609 1 18004 1 18323 1 18643 1 19071 1 19164 3 19400 1 19636 1 19995 1 20117 1 20189 1 
164 10 249 2 252 1 348 1 369 1 372 2 412 5 425 1 448 2 472 1 555 2 615 2 808 4 845 2 872 3 1046 2 1092 3 1158 1 1220 1 1261 4 1310 1 1366 1 1374 1 1425 1 1496 1 1686 3 1692 1 1790 1 2020 1 2039 2 2221 1 2425 2 2571 1 2589 1 2625 1 2863 1 2928 1 3011 9 3055 1 3263 3 3359 2 3373 1 3380 1 3452 1 3486 1 3528 1 3805 2 3853 3 3882 1 3934 3 3950 1 4178 3 4232 1 4263 6 4343 2 4411 1 4503 1 4509 1 4528 1 4549 1 4566 2 4627 1 4674 1 4693 1 4800 11 4937 2 4975 1 4999 1 5020 1 5027 1 5048 1 5077 1 5099 1 5110 1 5172 5 5339 2 5373 2 5473 1 5608 1 5648 2 5677 2 5702 1 5742 3 5902 1 5913 1 6092 1 6242 1 6270 1 6271 1 6299 4 6351 1 6496 1 6546 1 6589 1 6605 1 6616 1 6630 1 6685 1 6825 1 6830 2 6914 1 6973 1 7023 3 7049 2 7072 1 7144 1 7170 2 7212 2 7230 1 7472 1 7520 1 7617 1 7690 4 7755 1 7779 4 7811 1 7870 2 7875 1 7891 1 7927 1 7958 1 7997 1 8027 4 8033 1 8034 2 8046 1 8144 2 8154 1 8229 1 8241 1 8343 2 8401 2 8478 2 8501 1 8513 11 8521 1 8522 1 8587 1 8695 1 8753 1 8881 1 8966 1 9108 1 9198 1 9230 1 9251 3 9410 9 9432 1 9438 1 9595 1 9712 1 9764 1 9890 1 10094 10 10199 2 10207 10 10318 1 10381 1 10437 1 10461 1 10481 2 10593 1 10607 1 10656 1 10675 1 10699 6 10890 1 10932 2 10948 2 10965 2 10997 1 11076 1 11182 1 11268 18 11375 3 11420 1 11449 2 11450 1 11522 1 11636 1 11698 1 11852 1 11864 2 11905 1 12032 1 12110 24 12139 1 12161 4 12411 1 12598 1 12642 1 12660 3 12678 3 12787 1 12965 1 12968 1 12995 1 13027 1 13265 1 13307 1 13323 1 13433 1 13485 1 13593 1 13737 2 13775 1 13881 2 13928 1 13958 1 13987 2 14197 11 14371 1 14414 2 14437 4 14438 1 14455 1 14527 1 14707 1 14752 1 14782 5 14813 1 14847 1 14868 1 14985 4 15019 1 15058 1 15100 1 15170 1 15196 1 15289 1 15328 2 15345 1 15351 1 15380 1 15383 1 15395 1 15399 1 15537 1 15594 1 15610 1 15616 2 15662 1 15863 1 15886 2 15995 1 16088 1 16098 1 16108 1 16138 2 16261 1 16518 1 16639 1 16656 4 16673 6 16838 2 16855 1 16875 5 16921 2 16968 1 17002 1 17017 6 17143 1 17323 1 17343 1 17377 1 17409 3 17609 1 17663 2 17706 1 17800 1 17894 2 17986 1 18106 1 18132 1 18258 1 18262 2 18381 2 18537 1 18882 1 18890 4 19049 1 19071 1 19073 3 19164 3 19257 1 19261 1 19356 2 19536 1 19602 1 19628 2 19636 1 19775 1 19782 1 19840 2 19875 2 19896 1 19976 1 19995 1 20137 1 20189 1 
448 1 1686 1 3486 1 5020 1 7779 1 7891 1 9595 1 11268 1 15380 1 17409 1 17894 1 17986 1 18537 1 18898 1 19049 2 20189 1 
17663 1 19049 1 20186 1 
982 1 1261 1 2595 1 3906 1 4006 1 4980 1 5091 1 7312 1 7878 2 8174 1 10978 1 13950 1 14197 1 15828 1 18671 1 20190 1 
17516 1 17663 1 19049 2 20194 1 
982 1 3750 1 4006 1 7342 1 7871 1 8709 1 9029 1 9953 1 10559 1 11584 1 14197 1 15535 1 16129 1 16293 1 16315 1 17356 1 17516 1 18004 1 18773 1 20194 1 
8034 1 17945 1 18882 1 19049 1 20194 1 
4117 1 8237 2 13828 1 14197 1 20194 1 
164 1 2667 1 6299 1 7342 2 8144 1 9080 1 11112 1 11146 1 11636 1 12110 1 12365 1 13006 1 14037 1 15233 1 17516 1 19049 2 20194 1 
1018 1 1158 1 1790 1 2020 1 2522 1 3077 1 3380 1 3559 1 3882 1 4411 1 4503 1 4528 1 4975 1 4999 1 5373 1 5603 1 5702 1 7072 1 7342 1 7927 1 8144 1 8229 1 8343 2 8968 2 9108 1 9410 1 9432 1 9436 1 9595 1 10199 2 10593 1 10890 1 10997 1 11420 1 11449 2 11844 1 12246 1 12411 1 12660 3 13265 1 13593 1 13775 1 14197 4 14707 1 15351 1 16088 1 16315 1 16506 1 17443 1 17490 1 17609 1 17674 2 19164 3 19377 1 19636 1 19995 1 20189 1 
100 1 369 1 406 1 446 1 490 1 670 1 688 1 749 1 834 1 995 1 1001 1 1018 1 1190 1 1213 1 1304 1 1349 1 1404 1 1616 1 1617 1 1802 1 1933 1 2039 1 2259 1 2525 1 2639 1 2686 1 3003 1 3011 3 3055 1 3073 1 3243 1 3263 2 3322 1 3373 1 3380 1 3486 2 3756 2 3813 1 3882 1 3912 1 4141 1 4202 3 4230 1 4524 1 4800 2 4946 1 4975 1 5589 1 5760 1 5831 1 5841 4 5943 4 5991 1 6043 1 6047 2 6150 2 6467 1 6788 1 6798 1 6839 1 7134 1 7182 3 7870 1 7975 1 8033 1 8045 1 8102 1 8174 1 8197 1 8215 1 8221 1 8275 1 8343 2 8564 3 8590 2 8607 1 8748 1 8902 1 8952 1 9091 1 9438 1 9548 1 9581 1 9594 1 9712 1 9788 1 9858 1 9912 1 10094 2 10228 2 10542 1 10600 1 10656 1 10672 1 10699 2 10755 1 10965 1 11268 4 11449 1 11450 1 11502 1 11636 1 11698 1 12143 1 12179 1 12210 2 12246 1 12324 1 12660 2 12817 1 12849 1 13010 1 13136 1 13230 1 13248 1 13296 1 13323 1 13327 1 13367 1 13561 1 13775 1 13812 2 13838 1 14042 2 14197 23 14414 2 14438 1 14464 1 14480 1 14519 1 14588 1 14722 1 14959 1 15100 1 15177 1 15180 1 15214 1 15216 1 15298 1 15328 1 15351 1 15357 1 15385 5 15388 1 15534 1 15595 1 15728 2 15750 1 15833 1 15886 1 16035 1 16098 1 16244 1 16304 1 16413 1 16518 2 16553 1 16591 1 16781 1 16875 1 16932 1 16960 2 17246 1 17311 1 17409 1 17659 1 17663 1 17664 1 17743 1 17894 1 18031 1 18240 1 18262 1 18323 3 18529 1 18890 5 19049 1 19129 1 19164 2 19532 1 19899 1 19976 1 19995 1 20187 1 
369 1 428 1 572 1 4788 1 6233 1 8033 1 8564 1 9708 1 10094 1 10228 1 10699 1 19049 2 19264 1 20194 1 
69 1 428 1 448 1 472 1 516 1 739 2 749 2 794 1 798 1 841 1 885 1 1001 1 1622 2 1823 1 1880 1 1997 1 2011 1 2208 1 2347 1 2640 1 3011 14 3263 2 3648 1 3805 1 3954 1 4105 1 4230 1 4528 5 4573 1 4576 1 4693 1 4702 1 4788 1 4800 2 4937 1 4946 1 5037 1 6043 1 6233 3 6322 2 6467 1 6636 1 6788 1 6798 1 6845 2 6936 1 6948 2 7212 1 7601 1 8206 1 8221 1 8237 1 8297 2 8564 1 8902 1 8917 1 9269 1 9410 2 9705 2 9712 1 9867 2 9953 1 10074 1 10094 1 10286 1 10654 1 10833 1 10978 1 11268 3 11375 1 11412 2 11449 1 11543 1 11836 1 11881 1 12502 1 12554 2 12602 1 13230 1 13233 2 13679 1 13775 1 14197 8 14414 2 14487 1 14553 3 14766 1 15100 1 15297 1 15301 1 15327 1 15385 5 15397 1 15854 1 15886 1 16180 1 16193 1 16781 1 16795 1 16932 1 17005 2 17351 1 17409 2 17664 4 17955 1 18323 1 18344 1 18354 1 18546 1 18643 4 18998 1 19129 1 19762 2 19892 1 20191 1 
781 1 2690 1 3011 2 6025 1 11268 2 12110 1 12267 1 16673 1 19073 1 20191 1 
47 3 175 1 183 1 385 1 446 1 521 1 718 1 808 1 923 3 1158 1 1162 1 1214 1 1261 1 1345 1 1578 1 1622 1 2272 1 2362 1 2525 1 2542 2 2877 1 2928 1 3003 1 3011 1 3126 1 3204 1 3368 1 3373 2 3436 1 3599 1 3732 3 3929 1 4230 1 4522 1 4528 2 4551 1 4576 1 4640 2 4788 1 4953 1 4975 2 5172 2 5180 1 5700 1 5742 1 5841 1 6061 1 6148 1 6150 2 6233 2 6251 1 6268 1 6338 1 6409 1 6790 1 6798 1 6883 1 6912 1 7055 1 7097 3 7538 1 7755 3 7760 1 7929 1 8074 1 8128 1 8229 1 8237 1 8297 1 8310 1 8354 1 8478 1 8508 1 8564 1 8748 1 8841 1 8917 1 9688 1 9841 1 9893 1 10007 1 10039 1 10041 1 10094 1 10141 1 10199 1 10207 1 10510 2 10589 1 10593 1 10607 1 10625 1 10642 1 10844 1 11146 1 11165 2 11268 2 11316 1 11449 2 11508 1 11636 1 11710 1 12143 1 12217 1 12455 1 12660 4 12665 1 12672 2 12727 1 12876 2 12995 1 13070 1 13248 1 13323 1 13441 2 13675 1 14197 7 14408 1 14438 1 14588 3 14849 1 14868 1 14934 1 15193 1 15265 2 15351 2 15385 1 15399 1 15455 1 15483 1 15576 1 15594 1 15714 1 15728 1 15771 1 15912 1 16026 1 16443 1 16753 1 16769 1 16844 1 16911 2 16952 1 17005 1 17017 1 17024 1 17111 1 17246 1 17351 2 17409 1 18039 1 18081 1 18095 1 18323 1 18487 2 18564 1 18572 1 18610 2 18776 1 18808 2 18882 1 19046 2 19049 1 19073 1 19164 4 19206 1 19498 1 19533 1 19536 1 19636 3 19646 1 19702 1 19796 1 20181 1 20188 1 
61 1 92 1 248 1 414 1 615 1 633 1 684 1 781 1 841 1 1139 1 1263 1 1475 1 2020 1 2034 1 2039 1 2259 1 2589 1 2779 1 2795 1 3003 1 3011 1 3263 1 3373 1 3436 1 3452 1 3486 2 3807 1 4002 1 4156 1 4528 3 4975 1 4999 2 5172 1 5760 1 5841 1 5943 1 6424 1 6915 1 7058 1 7134 1 7212 1 7755 2 8154 2 8176 2 8194 1 8229 1 8241 1 8354 1 8600 1 8947 1 9210 1 9384 1 9712 3 9719 1 9761 1 9912 1 10207 1 10286 1 10316 2 10378 1 10555 1 10682 1 10699 2 10833 1 10905 1 10949 1 11192 1 11268 2 11420 2 11449 1 11543 1 11883 1 12210 2 12246 1 12437 1 12660 2 13006 2 13070 1 13113 2 13189 1 13256 1 13307 1 13367 1 13775 1 13811 4 13812 1 14197 12 14308 1 14339 1 14436 1 14438 2 15214 1 15297 2 15319 1 15351 1 15534 1 15728 1 15886 1 15911 1 16085 1 16428 4 16518 1 16895 1 17017 1 17023 1 17301 1 17323 2 17409 1 17609 1 17663 1 17894 1 17986 1 18103 1 18511 1 18529 1 18595 1 18643 3 18884 1 18890 2 19037 1 19129 1 19164 2 19536 1 19563 2 19569 1 19635 1 19775 2 20074 1 20148 1 20192 1 
2276 1 3387 1 4050 2 10228 1 11265 1 12914 1 13811 1 14172 1 14197 1 16509 1 16875 1 17155 1 17516 1 18806 1 18890 1 19049 2 20194 1 
183 1 482 1 923 1 1929 1 4173 1 4640 1 5841 1 9410 1 10682 2 11268 1 13811 1 14197 2 16746 1 17024 1 17262 1 17551 1 18741 1 19219 1 19569 1 20192 1 
61 1 248 1 414 1 446 1 871 2 1139 1 2208 2 2276 1 2795 1 3310 1 3486 2 3488 1 3774 1 4416 2 4523 2 4975 1 5103 1 5109 1 5131 1 5603 2 5841 1 5943 1 6043 1 6148 1 6424 1 6589 5 6915 1 7314 1 7779 1 7905 4 8753 2 8947 1 9410 2 9712 1 9744 1 9761 1 9912 3 10007 1 10094 1 10141 1 10271 3 10437 2 10944 1 11265 1 11323 1 11449 1 12058 2 12566 1 12660 1 12968 3 13070 1 13189 1 13811 3 13853 1 13995 4 14197 4 14847 1 14858 1 15317 1 15610 1 15911 1 16029 1 16085 1 16349 1 16428 4 16544 1 17609 1 17663 1 17894 1 17926 1 17986 1 18032 1 18089 1 19164 1 19219 3 19775 2 20192 1 
4999 1 6589 1 12968 1 20194 1 
183 1 282 1 482 1 511 1 712 1 923 1 2481 1 4173 1 4541 1 5841 1 6571 1 6939 1 7417 1 9037 1 10083 1 11510 1 11565 1 13104 1 13410 1 13684 1 13811 1 14197 1 16246 1 16324 1 17024 1 17440 1 18741 1 19107 1 19219 1 19844 1 20192 1 
7 1 8 1 40 1 42 1 61 1 183 7 248 1 279 1 352 1 356 1 414 4 422 1 482 1 492 1 541 1 572 2 593 1 613 1 651 1 708 1 724 1 739 1 835 1 896 1 923 5 1001 2 1139 1 1261 3 1341 1 1425 1 1595 1 1617 1 1666 12 1754 1 1839 1 1933 3 2019 2 2020 2 2034 1 2039 3 2058 1 2061 1 2308 1 2347 1 2428 1 2487 1 2795 1 2863 7 2877 3 2904 2 2940 1 3011 3 3059 1 3073 3 3077 1 3204 1 3263 1 3299 2 3316 1 3486 2 3629 1 3756 1 3778 2 3934 1 3962 3 4028 1 4046 2 4050 1 4117 1 4173 1 4176 1 4186 1 4199 2 4406 1 4416 2 4435 3 4436 1 4528 3 4614 2 4628 1 4640 1 4655 1 4975 1 5123 1 5172 1 5324 3 5473 1 5512 1 5547 2 5575 1 5608 1 5618 1 5841 2 5913 1 6019 5 6053 2 6068 3 6224 2 6236 1 6270 1 6299 4 6342 1 6351 1 6424 1 6441 2 6467 1 6498 2 6657 1 6745 1 6881 1 6912 1 6915 6 6938 1 6973 1 7115 1 7116 1 7212 4 7218 1 7222 1 7263 1 7310 1 7323 1 7338 1 7423 1 7462 4 7470 1 7520 3 7614 2 7757 1 7765 1 7810 1 7905 1 7927 1 7936 1 8031 2 8033 8 8038 1 8077 1 8087 1 8159 1 8241 1 8291 1 8313 1 8365 2 8500 1 8546 1 8753 2 8903 1 8920 3 8930 1 8947 1 8966 1 9006 1 9043 1 9080 1 9147 1 9274 1 9312 1 9339 3 9410 4 9574 1 9681 1 9696 1 9697 1 9798 1 9882 1 9890 2 9912 1 10015 1 10094 1 10102 1 10125 1 10132 4 10141 2 10145 1 10233 2 10286 1 10417 1 10422 2 10437 3 10444 1 10459 1 10559 1 10589 2 10592 1 10656 5 10694 1 10699 2 10786 1 10787 1 10931 1 10965 2 11000 1 11087 1 11146 1 11268 25 11317 2 11475 2 11508 1 11522 4 11606 1 11636 2 11710 1 11759 1 11917 2 11985 3 12039 1 12387 1 12502 1 12554 1 12644 3 12660 1 12672 29 12676 1 12678 1 12681 1 12750 1 12787 4 12817 1 12864 1 12875 1 12876 2 12914 2 13006 3 13010 1 13027 1 13070 2 13134 1 13155 1 13189 1 13257 1 13307 4 13367 1 13438 1 13584 1 13676 1 13775 2 13811 5 13812 3 13861 1 13862 1 13995 2 14030 1 14042 1 14145 1 14168 1 14197 7 14319 1 14371 2 14414 2 14433 1 14438 1 14547 1 14562 1 14621 1 14751 1 14782 1 14847 1 14903 2 15160 1 15180 2 15214 3 15383 2 15399 2 15610 3 15613 1 15616 1 15634 1 15659 1 15662 3 15710 2 15728 1 15750 4 15765 2 15892 1 15911 1 16041 1 16085 1 16261 2 16314 1 16388 1 16428 4 16544 1 16629 1 16645 1 16673 1 16701 1 16852 1 16862 1 16875 1 17023 1 17024 1 17252 1 17332 1 17490 1 17506 1 17532 1 17580 1 17601 1 17609 1 17663 4 17868 1 17873 1 17894 1 17960 2 17986 1 18011 1 18132 1 18323 2 18335 1 18340 1 18390 1 18396 1 18431 1 18525 1 18530 1 18547 1 18616 1 18741 1 18792 1 18808 4 18882 1 18890 5 18944 1 19008 1 19046 1 19049 6 19119 2 19164 1 19197 1 19215 1 19219 1 19247 1 19442 1 19530 1 19561 1 19615 1 19668 1 19690 1 19734 1 19775 2 19782 2 19794 1 19931 1 19939 2 19966 1 19976 1 19995 2 20029 1 20110 2 20192 1 
40 1 42 1 143 5 183 6 200 2 240 1 352 1 356 1 414 2 422 1 425 2 492 1 494 1 541 1 572 3 593 1 651 1 708 1 724 1 739 2 835 3 896 1 923 12 995 3 1001 2 1046 1 1092 1 1158 1 1222 1 1261 2 1269 1 1298 2 1318 1 1379 1 1425 2 1491 1 1527 1 1595 1 1666 13 1802 4 1839 1 1933 1 1953 2 2019 2 2039 3 2061 1 2070 1 2570 1 2589 2 2863 5 2870 1 2904 2 2940 1 3003 1 3073 1 3109 1 3243 1 3299 3 3368 1 3455 2 3465 1 3580 1 3629 1 3756 1 3778 2 3805 4 3931 1 3962 4 4046 1 4117 1 4173 3 4199 2 4359 1 4406 1 4436 1 4463 1 4469 1 4503 2 4523 2 4530 1 4551 1 4579 1 4628 1 4640 1 4675 1 4730 1 4937 1 4955 1 5007 1 5123 3 5172 1 5180 2 5324 3 5512 1 5547 4 5597 1 5617 2 5618 4 5742 7 5745 1 5841 3 5913 11 5943 1 5996 1 6019 5 6053 2 6064 2 6148 1 6165 3 6224 3 6270 2 6299 1 6342 1 6351 1 6467 4 6498 2 6521 1 6657 1 6745 3 6838 2 6855 1 6883 1 6912 1 7032 1 7115 1 7212 5 7218 1 7222 1 7263 1 7290 1 7323 1 7520 3 7614 2 7640 1 7757 1 7779 1 7905 2 7927 3 7929 2 7936 2 7986 1 7997 1 8031 1 8033 2 8034 1 8038 1 8045 1 8144 1 8183 1 8250 1 8291 1 8309 1 8313 1 8365 1 8495 1 8546 1 8587 1 8607 1 8624 1 8673 1 8917 1 8920 3 8930 1 8938 1 8966 1 9006 1 9043 1 9147 1 9274 1 9312 1 9339 2 9384 1 9410 7 9433 1 9438 1 9670 1 9681 1 9712 3 9761 6 9857 1 9890 1 9989 1 10015 2 10125 1 10132 5 10141 2 10193 1 10207 3 10281 1 10417 1 10422 3 10444 1 10559 1 10600 1 10642 1 10672 3 10699 2 10921 1 10931 1 10932 5 10965 3 11000 1 11087 1 11268 42 11317 2 11351 1 11353 1 11449 1 11450 2 11485 1 11508 1 11522 6 11602 1 11606 1 11852 1 12026 1 12032 1 12103 1 12116 1 12133 3 12161 1 12455 1 12598 1 12660 1 12672 27 12676 1 12688 1 12750 1 12787 4 12790 1 12817 1 12864 1 12875 1 12960 1 12974 1 12984 3 13006 5 13027 1 13134 1 13155 1 13199 1 13230 1 13307 2 13584 1 13676 1 13748 1 13775 6 13808 1 13811 3 13812 3 13838 1 13958 1 13995 2 14042 1 14068 1 14077 1 14168 1 14172 2 14197 14 14319 1 14335 1 14547 1 14563 1 14621 1 14720 2 14859 1 14903 2 15180 3 15241 1 15265 1 15351 1 15383 2 15388 2 15399 4 15410 1 15446 1 15610 1 15613 3 15634 1 15635 1 15659 1 15710 2 15750 6 15886 2 15892 1 15996 1 16060 1 16098 1 16110 1 16261 4 16314 1 16388 4 16418 1 16509 2 16587 1 16629 1 16645 1 16673 1 16852 2 16862 1 16982 1 17176 1 17252 2 17332 1 17377 2 17506 1 17516 1 17532 1 17598 1 17601 1 17663 1 17830 1 17868 1 17986 1 18011 1 18090 1 18132 1 18323 1 18390 2 18396 1 18525 1 18530 1 18552 1 18631 1 18792 1 18808 8 18866 1 18887 2 18890 7 19008 1 19016 1 19049 3 19073 3 19119 1 19164 1 19201 1 19247 1 19286 1 19378 2 19409 1 19438 1 19442 1 19530 1 19606 2 19615 1 19635 1 19734 1 19782 2 19794 1 19878 1 19931 1 19939 4 19966 1 19976 3 19995 2 20029 2 20110 3 20192 1 
40 1 61 1 183 7 248 1 348 1 414 2 418 1 482 1 572 1 614 1 677 1 761 1 860 1 871 3 923 1 998 1 1139 1 1617 1 1804 1 1854 1 1959 1 2020 1 2034 1 2039 1 2161 1 2188 2 2409 1 2456 2 2484 1 2542 1 2646 1 2795 1 2863 2 3011 5 3059 1 3309 1 3486 2 3488 1 3528 1 3769 1 3774 1 3820 1 4050 1 4117 4 4122 1 4173 1 4463 1 4528 2 4702 1 4751 1 4800 1 4975 1 4999 2 5123 1 5147 1 5156 1 5172 2 5432 1 5435 3 5673 3 5703 1 5760 1 5841 2 6025 1 6043 2 6092 1 6165 2 6184 1 6233 3 6424 4 6498 1 6521 1 6538 1 6570 1 6589 2 6798 2 6915 1 6981 1 7050 1 7134 1 7170 1 7640 1 7779 1 7929 1 8045 2 8152 1 8166 2 8265 1 8405 1 8495 1 8753 3 8947 1 8966 1 9180 1 9198 1 9410 2 9438 2 9631 1 9712 1 9912 1 10132 1 10141 1 10165 1 10207 5 10463 3 10559 1 10589 1 10687 1 10699 1 10844 1 10850 1 11025 1 11265 1 11323 1 11420 1 11485 1 11508 5 11698 1 11758 1 11804 1 11874 1 11987 1 12210 1 12246 4 12528 1 12660 1 12787 2 12876 1 12892 1 12914 3 12958 1 12968 1 12974 1 13189 1 13241 1 13307 2 13546 1 13570 2 13775 1 13811 7 13812 1 13995 1 14030 1 14172 1 14197 6 14480 1 14492 1 14514 1 14770 2 14847 3 14974 2 14985 3 15289 1 15297 1 15327 1 15328 1 15329 1 15446 2 15611 1 15616 1 15702 1 15765 1 15911 2 15915 1 15952 1 16041 1 16085 1 16188 1 16302 1 16403 1 16428 4 16553 1 16600 1 16601 1 16656 1 16673 3 16875 1 16972 1 17024 1 17275 1 17334 1 17338 1 17351 1 17480 1 17490 1 17501 2 17508 1 17516 7 17598 1 17609 1 17663 2 17894 1 17986 2 18040 1 18184 1 18323 2 18557 3 18741 1 18753 1 18887 1 18890 2 19049 3 19058 1 19111 2 19164 1 19197 1 19216 2 19219 14 19262 1 19393 1 19463 1 19536 1 19602 6 19762 1 19775 2 19783 2 19953 2 19976 1 20155 1 20192 1 
61 1 248 1 414 1 572 1 801 1 1139 1 1494 3 1802 6 1959 1 2034 1 2276 1 2396 1 2579 1 2795 1 3003 1 3011 2 3073 1 3263 12 3387 1 3486 2 3638 1 4380 1 4435 1 4800 1 4975 1 5012 1 5180 2 5653 1 5841 1 5902 1 5943 1 6424 1 6757 1 6914 1 6973 1 7212 2 8033 2 8144 1 8237 1 8354 1 8624 1 8637 1 8753 1 8947 1 8952 1 9670 1 9712 1 9912 1 10094 2 10132 1 10207 1 10231 1 10699 1 11053 1 11268 3 11323 1 11412 2 11449 1 11518 1 11543 7 12210 1 12212 1 12660 1 12914 2 12984 2 13189 1 13323 1 13811 3 14197 4 14257 1 14414 2 15086 1 15373 1 15455 1 15911 1 16085 1 16428 4 16673 2 16875 1 17252 1 17598 1 17609 1 17679 1 17873 1 17894 1 17986 1 18262 1 18323 1 18735 1 18890 1 19111 3 19129 2 19164 1 19264 1 19775 2 19976 1 20192 1 
2863 1 4178 1 5099 1 6830 1 6915 1 8033 1 9712 1 10699 1 11268 1 11637 1 12644 1 13070 1 14414 1 14782 1 15616 1 16156 1 16673 1 16875 2 17377 1 19193 1 20194 1 
183 1 482 1 739 1 923 1 1134 1 1288 1 1802 4 2039 1 2208 1 2409 1 3011 1 3263 1 3962 1 4173 1 4800 1 5841 1 6474 1 6612 1 7182 1 7212 1 7640 1 8237 1 8753 1 9438 2 9670 2 10141 1 11216 1 11369 1 11543 2 12365 1 13748 1 13790 1 13811 1 13995 1 14197 4 14847 1 14985 1 15327 1 16041 1 16315 1 17024 1 18323 1 18741 1 18930 1 18998 1 19111 3 19219 1 20192 1 
100 1 369 1 446 2 476 1 670 1 749 3 1018 1 1213 1 1304 1 1494 1 1617 1 1754 1 1933 2 1997 1 2259 1 2525 1 2562 1 2686 1 2870 1 2878 1 3003 1 3011 6 3036 3 3055 1 3151 1 3263 5 3322 1 3324 1 3373 1 3380 1 3469 1 3486 2 3756 1 3858 1 3882 1 3912 1 4141 1 4202 3 4524 1 4528 1 4591 5 4765 1 4788 1 4800 2 4937 2 4946 1 4975 1 5007 1 5760 2 5841 1 5864 1 5943 4 5991 1 6025 3 6043 1 6047 2 6081 1 6150 2 6467 2 6538 1 6713 1 6798 3 6826 1 6839 1 6915 1 7134 1 7182 3 7212 2 7567 1 7601 1 7674 1 7870 1 8056 1 8174 1 8197 1 8343 2 8487 1 8522 1 8564 2 8590 1 8607 1 8748 1 9080 1 9198 1 9410 2 9438 1 9581 2 9594 1 9686 1 9690 1 9912 1 10026 1 10228 1 10231 1 10286 2 10328 1 10542 1 10600 1 10656 1 10755 1 10833 1 10889 1 11017 1 11146 1 11268 11 11275 2 11304 1 11449 1 11450 1 11502 1 11508 2 11543 1 11640 1 11698 1 12032 1 12110 1 12143 1 12179 1 12210 2 12434 1 12566 1 12660 2 12767 1 12817 1 12849 2 13006 1 13136 1 13290 1 13294 1 13296 1 13367 1 13452 1 13561 1 13623 1 13675 1 13937 1 14042 1 14068 1 14144 1 14172 3 14197 21 14414 2 14438 1 14480 1 14722 1 14766 1 14909 1 14953 2 15100 1 15298 1 15328 1 15351 1 15357 1 15399 1 15534 1 15728 2 15833 1 15931 1 16035 1 16193 2 16204 1 16502 1 16518 2 16553 1 16645 1 16673 2 16875 1 16960 3 17246 1 17316 1 17409 2 17566 1 17574 1 17659 1 17663 1 17664 1 17894 1 18031 1 18122 1 18240 1 18262 1 18323 1 18335 1 18529 1 18594 2 18643 1 18890 4 19045 1 19111 6 19129 1 19164 2 19264 2 19382 1 19899 1 19995 1 20187 1 
1004 1 3452 1 7755 1 8031 1 10094 1 10207 1 14197 1 16875 1 17663 1 18890 1 19049 1 19264 1 20133 1 20194 1 
47 3 164 1 183 1 385 1 446 1 472 1 476 3 521 1 718 1 723 1 739 2 749 1 808 1 923 3 1018 3 1158 1 1214 1 1261 1 1345 1 1578 1 1960 2 2011 1 2034 1 2272 1 2362 1 2525 1 2542 2 2578 1 2813 2 2928 1 3003 1 3011 8 3126 1 3204 1 3263 1 3325 1 3368 1 3373 2 3436 2 3599 1 3648 1 3689 1 3732 3 3755 4 3929 1 4159 1 4230 1 4522 1 4551 1 4576 2 4591 4 4640 2 4788 1 4800 2 4953 1 4975 2 5172 2 5180 1 5727 1 5742 1 5841 1 6061 1 6148 1 6150 3 6251 1 6268 1 6338 1 6409 1 6790 1 6798 1 6828 1 6845 2 6883 1 6912 1 7097 3 7170 2 7538 1 7736 1 7755 3 7760 1 7929 1 8097 1 8128 1 8157 1 8229 1 8237 8 8241 1 8310 1 8354 1 8440 2 8478 1 8508 1 8564 1 8748 1 8753 1 8841 1 9705 1 9797 1 9867 1 9893 1 10006 1 10007 1 10039 1 10041 1 10094 1 10141 1 10199 1 10207 1 10286 1 10510 2 10593 1 10607 1 10625 1 10642 1 10671 2 10844 1 10978 1 11165 1 11227 1 11268 2 11316 1 11412 2 11449 2 11508 1 11543 9 11636 1 11710 1 11758 1 12143 1 12217 1 12455 1 12554 1 12660 4 12665 1 12672 2 12727 1 12876 1 12995 1 13070 1 13199 1 13290 1 13323 1 13441 2 13775 1 13785 1 14099 2 14197 12 14408 1 14414 2 14438 1 14868 1 14934 1 15193 1 15265 2 15351 2 15399 1 15455 3 15483 1 15594 1 15662 1 15714 1 15728 1 15771 1 15912 1 16443 1 16557 1 16610 1 16753 1 16824 1 16875 1 16911 2 16952 1 17017 1 17024 1 17111 1 17246 1 17663 1 17955 1 18081 1 18095 1 18323 3 18487 2 18564 1 18572 1 18610 2 18639 1 18643 3 18776 1 18808 2 19046 2 19049 1 19073 1 19114 5 19164 4 19206 1 19498 1 19533 1 19536 1 19636 3 19646 1 19702 1 19796 1 19953 1 20181 1 20188 1 
100 1 164 1 749 2 781 1 1029 1 1261 1 1263 1 1310 1 1360 2 1458 1 1823 1 1997 1 2080 1 2259 1 2538 1 2578 1 3011 3 3020 1 3036 1 3151 1 3263 2 3797 1 3807 1 3820 1 3918 2 3920 1 4425 1 4528 3 4559 2 4591 1 4614 1 4765 1 4800 1 5172 1 5210 1 5313 2 5465 1 5570 1 6081 1 6494 1 6496 1 6747 1 6749 1 6915 2 7089 1 7212 2 7601 2 8176 1 8343 1 8452 1 8743 2 8917 1 9426 2 9522 1 9670 1 9712 1 9776 1 9882 1 9889 1 9895 1 10286 2 10463 1 10699 5 11067 1 11113 4 11210 2 11268 4 11304 1 11332 2 11420 5 11508 2 11543 2 11544 1 11563 1 12210 2 12304 1 12788 1 12837 1 12876 1 13006 1 13173 1 13238 1 13592 4 14042 1 14068 1 14106 1 14197 5 14256 6 14518 1 14620 1 14909 1 14968 1 15297 2 15566 1 15750 1 16129 1 16232 1 16654 1 16882 1 16960 1 17105 2 17146 1 17153 1 17598 2 18122 1 18189 1 18253 1 18323 1 18381 1 18529 4 18594 2 18625 1 18643 2 18883 1 18898 1 19111 1 19129 5 19563 1 19953 1 20098 4 20191 1 
1593 1 3011 1 4509 1 4674 1 4800 1 5172 1 6057 1 6830 1 8068 1 8513 1 11268 2 11852 1 13785 1 14266 1 14518 1 14868 2 15610 1 16236 1 16656 1 16673 1 16808 1 19976 1 20012 1 20193 1 
860 1 8120 1 19049 1 19264 1 19721 1 20194 1 
477 1 1593 1 3263 1 4551 1 4614 1 4749 1 6278 1 8176 1 10145 1 10207 1 11699 1 12387 1 13916 1 14197 2 20137 2 20194 1 
4141 1 4788 1 4990 1 6494 1 7993 1 8176 1 9783 1 13928 1 14387 1 14764 1 15399 1 16875 1 19158 1 20194 1 
18 1 40 1 47 1 195 1 385 2 446 1 521 1 723 1 749 2 808 2 923 3 982 16 1018 1 1106 1 1158 1 1214 1 1261 1 1298 2 1398 1 1443 2 1592 1 1896 1 1959 1 2123 3 2272 1 2324 3 2456 1 2484 1 2525 1 2542 2 2611 1 2636 1 2647 1 2665 1 2820 1 2928 1 3003 2 3011 2 3149 1 3199 1 3245 1 3332 1 3368 1 3373 1 3380 2 3418 1 3431 1 3486 1 3529 2 3769 1 3882 2 3912 2 4002 1 4066 1 4205 1 4230 1 4272 1 4385 1 4411 1 4551 1 4553 1 4576 2 4591 4 4702 1 4907 1 4953 1 4968 16 4975 3 4980 1 4999 1 5172 3 5180 1 5196 1 5223 1 5299 1 5662 1 5668 1 5742 2 5785 1 5801 1 5864 2 5940 1 6148 1 6150 7 6251 1 6268 1 6301 1 6338 1 6393 4 6404 1 6463 1 6564 1 6655 1 6657 1 6866 1 6883 1 6911 2 6912 1 6981 1 7011 1 7072 1 7097 3 7268 1 7516 1 7674 2 7737 1 7760 1 7837 1 7929 1 7993 1 8008 1 8038 1 8039 1 8064 1 8116 1 8128 3 8229 1 8310 1 8354 2 8508 1 8602 1 8624 1 8709 2 8799 1 8801 1 8826 1 8841 2 8897 1 8941 1 8959 1 8964 3 9670 1 9783 2 9893 2 9912 2 9964 1 10039 1 10105 10 10141 1 10199 1 10248 1 10258 1 10286 1 10446 1 10510 2 10556 2 10593 1 10600 1 10642 1 10671 2 10741 1 10758 3 10838 1 10844 1 10890 1 10997 1 11038 1 11057 1 11146 1 11192 2 11268 1 11420 1 11422 2 11423 1 11449 4 11508 1 11636 1 11698 1 11705 1 11710 1 11720 1 11724 1 11790 2 11804 1 11883 2 11915 2 12170 1 12203 1 12217 1 12254 2 12411 1 12437 1 12455 1 12482 7 12598 1 12632 1 12649 1 12660 6 12727 2 12819 1 13070 1 13156 1 13290 2 13357 2 13372 1 13417 2 13441 1 13592 1 13593 1 13655 2 13890 1 13955 1 13967 1 14079 1 14197 7 14263 1 14804 1 15166 1 15193 1 15216 1 15265 2 15351 3 15399 1 15455 1 15483 1 15594 1 15597 1 15612 1 15751 2 15828 3 15831 1 15942 1 15976 1 16068 1 16088 1 16189 1 16204 2 16256 1 16553 1 16734 1 16753 3 16906 1 16952 2 17017 2 17111 1 17153 1 17198 2 17231 1 17246 2 17256 1 17443 1 17483 1 17663 1 17692 1 17699 1 17765 1 17824 1 17877 1 17894 1 17986 2 18031 2 18081 1 18127 1 18466 1 18487 2 18526 1 18564 1 18610 2 19049 1 19164 6 19216 1 19294 1 19299 1 19357 1 19377 1 19536 1 19596 1 19636 2 19646 1 19729 1 19995 2 20080 1 20098 1 20158 1 20188 1 
291 1 567 2 723 3 749 1 1158 1 1313 2 1668 1 2058 4 2285 1 2352 3 2542 1 2699 2 3011 1 3380 1 3486 1 4056 1 4411 1 4591 2 4802 1 4818 2 4953 1 4975 2 4999 1 5077 1 5085 3 5353 2 5500 1 5515 1 5864 1 6150 3 6445 3 6858 1 7072 1 7261 14 7344 1 7674 1 7736 1 7993 3 8031 6 8354 4 8544 3 8624 3 8768 1 8869 1 9670 3 9705 1 9783 3 9848 1 10199 1 10593 1 10660 2 10890 1 10948 4 10978 1 10997 1 11325 2 11449 2 12170 1 12577 2 12660 3 12782 2 12945 2 13199 3 13290 1 13372 1 13922 1 14022 2 14197 2 14762 1 15351 1 15995 4 16088 1 16204 1 16789 2 17246 1 17249 1 17443 1 17709 2 17894 1 17982 2 17986 1 18031 1 18081 1 18216 3 19117 1 19164 3 19377 4 19622 1 19636 1 19646 1 19651 7 19995 2 20158 1 20193 1 
183 1 357 1 398 2 498 1 602 1 739 1 748 4 749 2 781 1 801 1 1158 1 1310 1 1404 1 1491 1 2039 1 2128 1 2208 1 2276 1 2522 1 2542 2 2870 2 3003 1 3011 1 3077 1 3359 2 3369 1 3380 1 3387 1 3452 1 3486 1 3853 1 3901 2 3934 1 3986 3 4178 2 4411 1 4503 1 4528 1 4591 4 4593 1 4602 2 4674 1 4746 1 4773 1 4937 2 4953 1 4975 2 4990 1 4999 1 5080 1 5180 2 5302 1 5499 1 5673 4 5737 2 5841 1 5864 1 6061 2 6150 3 6159 1 6254 1 6299 2 6624 2 6845 2 6859 1 6904 2 6915 4 7072 1 7076 2 7109 1 7206 1 7674 1 7755 2 7779 1 7993 1 8094 2 8237 1 8413 1 8564 2 8719 1 8836 1 8901 1 9005 1 9136 2 9198 1 9264 1 9269 1 9410 3 9571 1 9626 2 9705 1 9938 2 10094 1 10199 1 10593 1 10890 1 10997 1 11054 1 11268 9 11375 2 11420 1 11428 2 11449 2 11450 1 11563 2 11636 1 11871 1 11893 1 12134 2 12170 1 12210 3 12246 1 12304 1 12660 4 12864 1 12876 1 12984 1 13006 1 13027 2 13039 1 13164 1 13230 1 13290 1 13294 1 13323 1 13343 2 13372 1 13785 1 13808 1 13995 7 14042 1 14068 1 14180 2 14197 6 14414 1 14433 1 14620 14 14953 5 15086 1 15100 1 15139 1 15297 1 15301 1 15317 1 15351 1 15397 1 15534 1 15595 1 15616 1 15708 1 15765 1 15912 1 16019 3 16088 1 16204 1 16353 1 16388 1 16477 1 16605 2 16673 1 17017 1 17128 1 17216 1 17246 1 17262 1 17409 1 17569 1 17573 1 17598 1 17655 1 17737 1 17742 1 17894 1 17986 1 18004 8 18031 1 18081 1 18323 3 18483 1 18887 1 19111 9 19129 5 19164 4 19367 2 19636 1 19646 1 19931 1 19934 1 19944 2 19976 2 19995 2 20037 2 20193 1 
100 2 348 1 444 2 572 1 602 1 655 1 749 1 1046 1 1158 1 1185 1 1686 4 2039 1 2435 1 2542 2 2704 1 2730 1 2870 1 3011 3 3073 1 3263 1 3339 2 3380 1 3425 1 3452 1 3486 1 3501 1 3756 1 3805 1 3986 1 4178 6 4411 1 4591 5 4789 2 4800 1 4937 1 4953 1 4975 2 4999 1 5306 1 5402 1 5405 1 5406 1 5864 1 6043 1 6150 3 6270 1 6499 2 6538 1 6859 1 6967 2 7001 1 7072 1 7674 1 7755 1 7779 1 8144 1 8505 1 8590 4 8777 1 8947 1 9264 1 9410 1 9634 3 9715 2 10094 1 10199 1 10207 1 10559 1 10593 1 10844 1 10850 1 10890 1 10913 1 10997 1 11131 1 11268 2 11439 1 11449 2 11563 1 11609 1 12007 2 12170 1 12217 2 12566 1 12639 1 12660 3 12787 1 13290 1 13294 1 13372 1 13593 1 13719 1 13808 1 13995 5 14042 1 14115 1 14197 8 14414 1 14471 2 14528 1 14726 2 14959 1 15100 1 15267 2 15351 1 15388 1 15595 1 16088 1 16204 1 16244 1 16290 2 16673 1 16785 1 16960 1 17246 1 17409 1 17894 1 17986 2 18031 1 18081 1 18323 2 18530 1 18617 1 18625 1 18636 2 19129 3 19164 3 19345 2 19636 1 19646 1 19995 2 20193 1 
174 2 731 2 749 1 885 1 1158 1 1310 1 1779 1 2020 2 2034 1 2067 1 2141 1 2456 2 2474 1 2542 2 2853 1 3011 1 3122 1 3263 5 3380 1 3486 1 3805 1 3981 2 4137 1 4156 1 4411 1 4591 2 4623 1 4800 2 4882 1 4953 1 4974 1 4975 2 4999 1 5083 1 5376 3 5665 2 5864 1 5975 1 6043 1 6150 3 6647 2 6845 4 6915 7 7072 1 7109 2 7296 3 7310 1 7674 1 7755 1 7779 1 7942 2 7986 1 8033 1 8144 1 8480 2 8753 2 8938 2 9410 1 10199 1 10593 1 10699 1 10890 1 10997 1 11189 1 11262 1 11268 2 11377 2 11449 2 11521 1 11543 2 11651 2 11710 1 11960 1 12170 1 12217 2 12263 1 12365 1 12566 1 12660 3 12932 2 13039 2 13290 1 13323 1 13372 1 13593 1 13600 2 13808 1 13995 8 14197 2 14414 1 15065 1 15174 2 15351 1 15455 2 15662 2 16088 1 16110 1 16204 1 16337 1 16605 2 16673 1 16701 1 16971 1 17246 1 17252 1 17573 1 17663 2 17894 1 17986 1 18031 1 18081 1 18254 2 18323 1 18325 2 18658 2 18711 2 18764 1 18816 1 19164 3 19298 2 19384 1 19498 1 19636 1 19646 1 19995 2 20193 1 
398 2 444 2 519 2 615 2 731 2 749 1 856 2 879 2 884 2 1158 1 1194 2 1314 2 1353 2 1617 4 1686 1 2138 1 2243 2 2438 2 2478 2 2512 2 2542 1 2706 2 3003 3 3011 1 3030 2 3149 2 3162 2 3339 2 3380 1 3425 1 3486 1 3521 2 3524 1 3884 2 3888 2 3981 4 3986 1 3997 2 4025 2 4148 2 4178 4 4349 1 4411 1 4591 2 4721 2 4953 1 4975 2 4999 1 5139 2 5306 1 5428 2 5432 2 5734 2 5864 1 6000 2 6150 7 6264 2 6462 2 6624 4 6805 2 6915 54 6967 2 7072 1 7134 1 7247 2 7293 2 7419 2 7674 5 7722 2 7843 2 7942 2 8094 2 8151 2 8328 2 8480 2 8516 2 8542 2 8755 2 8784 2 9445 2 9570 2 9715 2 9722 2 9938 4 9964 2 10164 2 10199 1 10207 1 10378 1 10527 2 10593 1 10699 1 10874 2 10890 1 10997 1 11166 2 11196 1 11209 2 11224 2 11377 2 11412 1 11428 2 11449 2 11489 2 11563 1 11651 2 11673 2 11936 2 12007 2 12134 2 12170 1 12299 2 12323 2 12338 2 12659 2 12660 3 12932 2 12961 2 13013 2 13060 2 13290 1 13299 2 13372 1 13403 2 13522 2 13600 2 13787 2 13805 2 13870 2 13875 2 13931 2 13982 2 13995 65 14035 2 14180 2 14185 2 14197 2 14265 2 14378 2 14471 2 14873 2 14951 2 15109 2 15216 2 15247 2 15328 1 15351 1 15616 2 15686 2 15824 2 15907 2 16088 1 16204 1 16239 1 16467 2 16491 2 16605 6 16921 2 17006 2 17246 1 17554 2 17894 1 17978 2 17986 1 17996 2 18031 1 18081 1 18107 2 18250 2 18254 6 18325 2 18432 1 18530 1 18636 2 18664 2 18711 6 18858 2 18970 2 19125 2 19129 3 19164 3 19198 2 19209 1 19345 2 19636 1 19646 1 19652 2 19944 2 19995 2 20154 2 20193 1 
18 2 40 2 51 1 72 1 86 2 100 1 157 1 164 2 183 2 229 1 249 1 322 4 369 1 415 1 425 1 446 2 448 1 530 1 634 1 723 1 805 1 860 1 872 1 923 1 1158 1 1185 1 1261 1 1310 2 1357 1 1377 1 1443 1 1491 1 1494 1 1592 1 1686 1 1755 1 1959 1 2012 1 2020 1 2034 1 2039 2 2045 5 2058 3 2160 1 2208 5 2311 2 2484 2 2542 1 2636 1 2820 1 2927 3 2961 1 3011 3 3332 1 3348 1 3369 1 3380 2 3429 1 3486 1 3509 1 3529 2 3560 1 3774 1 3882 3 3908 1 3962 1 3984 2 4059 1 4066 1 4176 2 4216 1 4258 1 4272 1 4387 4 4401 2 4411 1 4416 2 4504 1 4593 1 4614 2 4674 1 4698 1 4702 2 4776 2 4783 1 4904 1 4945 1 4975 2 4980 1 4990 1 4999 2 5020 1 5118 2 5180 1 5321 1 5373 1 5442 4 5451 1 5473 1 5499 1 5508 1 5570 2 5702 1 5848 1 5943 3 6025 1 6052 1 6165 1 6270 3 6287 1 6288 2 6299 1 6364 2 6610 1 6647 1 6685 3 6791 1 6798 1 6825 1 6842 1 6890 1 6915 3 6931 1 6973 1 7064 1 7072 1 7080 2 7170 1 7312 3 7449 2 7628 1 7691 1 7715 1 7737 1 7779 4 7927 1 7940 1 7993 3 8031 3 8034 1 8039 1 8045 2 8074 3 8128 7 8174 2 8176 1 8221 2 8229 1 8310 1 8343 2 8345 1 8354 2 8416 1 8501 1 8513 2 8564 3 8587 1 8624 1 8685 1 8709 8 8753 1 8799 1 8938 2 8966 3 9025 4 9269 5 9312 5 9410 8 9432 1 9438 2 9529 1 9581 1 9595 2 9652 1 9670 1 9697 2 9705 1 9712 1 9761 2 9783 2 9788 1 9889 1 9912 5 9938 1 9944 4 9982 1 10199 1 10207 1 10312 2 10378 2 10423 10 10432 1 10437 1 10446 4 10458 1 10463 1 10530 1 10556 2 10559 1 10593 1 10656 1 10699 1 10843 2 10844 2 10890 1 10948 9 10978 1 10997 1 10998 1 11060 1 11118 1 11123 2 11131 1 11142 1 11192 2 11207 1 11231 1 11268 15 11317 1 11318 1 11391 1 11420 1 11449 2 11450 1 11458 1 11508 2 11519 1 11521 1 11543 1 11609 1 11666 1 11698 2 11724 1 11790 4 11804 1 12020 1 12032 3 12094 1 12110 1 12123 1 12143 2 12255 2 12437 1 12597 2 12632 1 12660 4 12720 12 12723 1 12876 1 12984 1 12998 1 13004 1 13156 1 13357 2 13367 1 13450 1 13453 1 13592 2 13675 1 13676 1 13700 4 13775 2 13890 1 13928 1 13954 1 13955 1 14017 1 14042 1 14079 1 14088 1 14197 9 14203 1 14344 1 14414 1 14438 1 14480 1 14528 1 14737 2 14758 1 14761 2 14782 1 14805 1 14841 2 14854 1 14974 1 15086 1 15180 1 15197 1 15216 1 15317 1 15343 4 15351 1 15380 4 15399 1 15413 1 15470 1 15662 2 15728 6 15750 2 15995 2 16088 2 16098 1 16146 1 16206 5 16299 1 16334 1 16605 1 16612 3 16793 1 16866 1 17065 1 17225 1 17254 1 17334 1 17356 4 17409 1 17443 4 17516 1 17521 1 17608 3 17609 1 17663 2 17676 1 17699 1 17762 1 17845 1 17872 1 17877 1 17894 1 17902 1 17972 1 17986 2 18004 2 18031 1 18262 1 18306 18 18323 2 18374 1 18435 1 18487 1 18567 1 18625 1 18641 1 18898 2 18912 1 18956 1 19034 1 19045 1 19046 1 19049 2 19057 2 19110 1 19111 1 19129 8 19135 1 19164 4 19197 1 19215 1 19299 1 19355 2 19377 1 19533 1 19554 1 19588 5 19602 2 19618 1 19636 1 19646 1 19690 1 19721 2 19789 1 19845 6 19919 1 19930 1 19951 2 19953 2 19973 1 19976 2 19995 2 20093 1 20098 2 20158 4 20190 1 
40 1 270 1 741 1 923 1 995 1 1001 1 1377 1 1425 1 1646 2 1793 2 1953 1 1963 2 2024 1 2203 1 2755 1 3011 1 3263 2 3522 1 3554 1 3984 2 4156 2 4274 1 4675 1 5433 1 5760 1 6047 1 6052 2 6068 1 6092 1 6233 1 6538 1 6798 1 6845 1 7453 1 7866 1 8564 2 8836 1 9240 1 9269 1 9410 2 9541 1 9771 1 10094 1 10311 1 10324 4 10749 1 10840 1 10844 1 10948 1 11268 2 11449 2 11485 1 11508 1 11931 1 12094 1 12187 1 12350 2 12566 1 12616 1 12652 1 12660 1 12720 6 13006 1 13233 1 13294 1 13323 2 13742 1 13995 1 14066 1 14197 6 14438 4 15180 2 15316 1 15317 1 15388 1 15595 1 15886 1 15912 1 16098 1 16116 1 16129 1 16334 1 16518 1 16866 1 17248 1 17409 2 17894 2 17986 1 18004 2 18262 1 18381 1 18478 2 18511 2 18529 1 18546 1 18579 1 18586 1 18625 1 18895 1 18898 1 18998 1 19164 1 19197 1 19536 1 19953 1 20191 1 
57 3 132 1 153 1 270 1 317 1 325 2 348 1 369 2 375 1 412 1 425 1 446 2 448 1 477 2 521 1 528 1 572 1 602 11 649 1 650 1 661 3 739 3 755 1 775 2 796 1 841 1 880 1 956 1 1018 1 1045 1 1074 1 1165 2 1213 1 1235 1 1336 1 1494 1 1569 1 1583 1 1588 1 1644 2 1726 1 1742 1 1793 1 1863 1 1882 1 1932 1 1959 1 2011 1 2024 1 2039 3 2070 1 2128 9 2152 1 2273 1 2274 1 2435 6 2522 1 2537 1 2542 1 2557 1 2621 1 2645 1 2646 1 2673 1 2684 1 2694 1 2701 1 2705 2 2706 1 2863 3 2877 6 2880 1 2895 1 2977 1 3010 1 3011 1 3046 1 3051 1 3124 1 3226 1 3239 1 3309 1 3321 1 3322 1 3332 2 3333 1 3359 48 3379 1 3380 1 3387 1 3412 1 3453 2 3511 1 3529 1 3551 1 3560 2 3596 2 3661 1 3715 1 3733 1 3750 2 3797 1 3867 1 3878 1 3922 1 3950 1 3990 1 4063 1 4066 1 4117 1 4122 1 4132 1 4144 1 4173 2 4308 1 4329 1 4363 1 4365 1 4387 1 4392 1 4401 4 4416 2 4468 1 4522 1 4528 6 4564 1 4606 2 4614 1 4631 1 4654 1 4680 2 4695 1 4698 1 4702 1 4749 1 4763 2 4776 1 4824 1 4854 1 4879 1 4898 1 4924 1 4975 1 4999 5 5035 1 5180 1 5189 1 5203 1 5306 1 5307 1 5420 1 5444 4 5488 1 5509 1 5537 1 5570 1 5578 1 5612 1 5655 1 5686 1 5703 3 5796 1 5809 1 5831 1 5888 1 5896 1 5975 1 5986 1 6018 1 6025 1 6043 1 6052 1 6059 1 6068 1 6078 1 6083 1 6088 1 6114 4 6127 1 6159 1 6239 1 6344 1 6365 1 6433 1 6514 1 6570 2 6616 1 6676 2 6713 1 6786 1 6807 2 6859 1 6900 1 6915 1 6948 2 6979 1 7057 1 7058 1 7170 1 7184 3 7206 1 7212 3 7257 1 7312 2 7323 2 7329 2 7336 1 7346 1 7393 1 7427 1 7497 1 7518 7 7552 1 7568 1 7676 1 7698 2 7737 1 7779 1 7790 2 7794 1 7834 1 7869 1 7905 1 7941 1 7953 1 7960 1 7964 1 7974 1 7993 1 8008 1 8031 5 8039 1 8045 1 8074 1 8075 1 8124 1 8166 1 8225 1 8229 1 8237 4 8270 1 8280 1 8287 1 8298 2 8302 1 8345 1 8354 3 8405 4 8416 1 8449 1 8478 1 8518 1 8519 1 8539 1 8564 6 8565 1 8624 2 8753 2 8754 1 8755 1 8799 2 8917 1 8935 3 9006 2 9045 1 9046 1 9071 1 9076 1 9092 1 9209 3 9216 1 9246 5 9274 3 9297 1 9389 1 9394 1 9401 1 9410 8 9534 1 9537 1 9570 1 9595 1 9644 1 9665 1 9670 2 9687 1 9717 1 9753 1 9761 3 9783 1 9912 1 9950 1 9953 2 9978 1 9982 1 10045 1 10065 1 10113 1 10179 2 10316 3 10332 1 10378 1 10437 2 10496 1 10514 1 10519 1 10656 1 10699 2 10733 1 10744 1 10749 1 10785 1 10786 1 10844 1 10897 1 10921 1 10978 1 10981 1 11059 1 11083 1 11100 1 11109 1 11147 1 11171 1 11196 3 11223 1 11268 7 11280 2 11303 1 11323 1 11378 2 11387 1 11399 1 11420 2 11442 1 11450 1 11505 1 11521 1 11563 1 11600 4 11636 1 11691 1 11724 1 11741 1 11836 1 11905 1 11921 1 11941 1 11971 1 11975 1 12032 2 12058 4 12139 1 12153 1 12217 3 12246 5 12275 1 12284 1 12315 1 12319 1 12387 2 12411 1 12456 7 12462 1 12554 1 12561 1 12576 1 12635 1 12660 19 12678 2 12720 17 12750 1 12767 1 12787 2 12876 1 13027 2 13070 1 13071 1 13113 1 13131 1 13156 3 13194 1 13199 3 13287 2 13323 1 13362 1 13367 1 13378 1 13429 2 13542 1 13592 3 13593 8 13615 2 13634 1 13638 1 13675 1 13748 1 13775 1 13808 1 13828 3 13874 1 13890 1 13891 1 13995 2 14004 1 14017 1 14042 1 14068 1 14087 1 14120 1 14127 1 14162 1 14197 14 14286 1 14300 1 14344 1 14371 2 14438 1 14492 2 14534 1 14541 2 14548 1 14555 1 14562 3 14597 2 14618 1 14621 1 14684 3 14741 1 14743 1 14744 1 14762 1 14770 1 14799 1 14847 2 14974 1 14995 1 15025 1 15066 2 15089 1 15108 1 15154 1 15176 1 15180 1 15215 1 15327 1 15328 1 15351 1 15377 3 15382 1 15418 1 15475 1 15483 2 15567 1 15588 2 15610 1 15630 1 15659 1 15662 3 15686 1 15702 2 15750 1 15899 1 15911 1 16001 1 16056 1 16130 2 16135 1 16235 1 16274 7 16315 1 16394 1 16437 2 16597 1 16600 1 16701 1 16715 2 16720 1 16761 1 16779 2 16894 1 16921 2 16952 1 17058 1 17138 1 17252 1 17316 4 17375 1 17408 1 17443 2 17459 1 17490 2 17506 12 17516 1 17538 1 17570 1 17609 4 17744 1 17813 2 17820 1 17976 1 17984 4 18004 22 18077 1 18086 1 18089 2 18098 1 18129 1 18212 1 18227 1 18323 1 18405 1 18459 1 18514 1 18550 1 18565 2 18597 1 18643 3 18654 1 18868 1 18878 1 18886 1 18890 1 18898 2 19034 1 19046 1 19049 2 19053 1 19064 1 19073 18 19100 2 19119 1 19131 1 19164 9 19167 1 19189 1 19213 1 19215 1 19219 1 19239 1 19257 1 19259 1 19262 1 19291 1 19299 2 19305 1 19312 1 19338 1 19356 1 19377 1 19389 1 19393 2 19411 3 19459 1 19535 1 19563 1 19651 1 19666 3 19721 9 19724 1 19726 1 19737 2 19762 1 19796 3 19854 1 19913 1 19934 5 19950 1 19951 1 19953 2 19962 1 19966 1 19976 1 19995 1 20036 1 20083 4 20085 1 20102 1 20155 1 20173 1 20175 2 20193 1 
860 1 3486 1 5020 1 6647 1 8564 1 9438 1 9595 1 9712 1 12720 1 14197 2 14414 1 17986 2 19034 1 20190 1 
164 1 183 2 412 1 555 1 667 1 808 1 1092 1 2542 1 3011 3 3624 1 3853 1 4472 1 4503 1 4800 2 6092 1 6299 2 8168 1 8365 1 8441 1 8478 1 8513 2 9234 1 11150 1 11268 2 11395 1 11450 3 12110 10 12349 1 12720 2 13222 2 14197 1 14782 2 14847 2 15610 2 15728 1 16023 1 16261 1 16675 1 16772 1 17143 1 17818 9 19049 1 19073 1 19111 1 19119 1 20190 1 
51 2 61 1 86 2 90 1 164 10 365 1 412 2 555 1 572 1 602 1 667 4 749 1 808 1 861 1 872 4 923 1 1158 1 1593 1 1686 2 1751 1 1755 1 1963 1 2020 1 2039 6 2128 2 2172 1 2347 1 2471 1 2516 2 2578 1 2863 3 2866 1 2955 1 3011 2 3055 1 3091 1 3204 1 3226 1 3249 1 3261 2 3263 2 3332 1 3359 1 3380 1 3391 1 3429 1 3781 8 3805 1 3882 1 3920 1 3934 1 3969 1 4069 1 4114 1 4178 2 4373 1 4411 1 4458 1 4472 2 4530 1 4551 1 4554 3 4573 1 4582 1 4712 1 4800 1 4975 2 4990 1 4999 1 5007 1 5185 2 5339 1 5373 1 5381 1 5404 1 5489 1 5603 1 5631 2 5655 1 5702 1 5841 2 6088 1 6220 1 6287 1 6299 1 6308 1 6438 1 6647 1 6685 1 6830 2 6871 1 6880 1 7047 1 7072 1 7310 1 7518 1 7575 1 7614 1 7690 1 7772 1 7883 1 7927 1 8221 1 8229 1 8343 2 8513 8 8546 1 8564 8 8759 1 8935 1 8938 1 9019 1 9141 1 9162 1 9168 1 9216 3 9410 2 9432 1 9503 1 9608 4 9651 1 9668 3 9764 1 9865 1 9866 1 9867 1 9882 1 10022 1 10094 1 10199 1 10207 3 10437 1 10530 1 10556 1 10559 1 10593 1 10672 1 10699 1 10832 1 10890 1 10960 1 10965 1 10997 1 11268 2 11323 1 11375 2 11449 4 11508 1 11522 1 11710 1 11852 1 11864 1 11909 1 12058 2 12110 11 12246 1 12335 1 12344 1 12549 1 12616 1 12660 8 12720 6 12750 1 12868 1 13006 3 13109 1 13450 1 13453 1 13567 1 13775 1 13837 1 14030 1 14197 16 14258 1 14471 1 14562 2 14782 1 14877 1 15082 1 15123 1 15196 1 15351 2 15380 1 15383 1 15399 2 15610 2 15628 1 15814 1 15886 1 15931 1 16088 1 16193 1 16388 1 16436 3 16515 1 16656 2 16772 2 16875 1 16916 1 17045 1 17216 1 17217 1 17252 2 17254 1 17490 1 17609 1 17655 1 17676 1 17699 1 17913 1 18004 2 18031 1 18240 2 18643 1 18868 1 18876 1 18887 1 19094 1 19164 9 19476 1 19481 1 19636 1 19646 1 19673 1 19782 1 19922 1 19934 1 19951 2 19995 2 20119 1 20190 1 
47 4 51 1 249 4 555 2 620 1 860 1 871 4 872 1 923 1 1038 1 1158 1 1298 1 1318 2 1331 1 1617 1 1749 1 2020 1 2034 1 2075 1 2166 1 2308 1 2347 1 2561 3 2593 1 2731 1 3263 1 3369 1 3380 1 3429 1 3486 1 3774 4 3882 1 4210 1 4238 1 4274 1 4411 1 4416 1 4503 1 4566 4 4619 1 4858 1 4975 2 4999 1 5020 2 5373 1 5634 1 5653 1 5655 4 5673 1 5702 1 5854 1 5975 1 6052 1 6092 1 6143 2 6287 1 6495 1 6570 2 6581 1 6636 1 6647 1 6798 1 6858 1 6915 1 7072 1 7082 1 7114 2 7170 1 7453 3 7520 1 7905 1 7927 1 8031 3 8176 4 8221 1 8229 2 8237 5 8343 2 8478 1 8519 2 8564 3 8846 1 9241 1 9290 1 9410 4 9432 1 9438 1 9575 2 9595 1 9639 1 9668 1 9697 1 9712 1 9713 1 9761 1 9982 1 10199 1 10228 1 10286 1 10444 1 10593 1 10725 1 10750 7 10887 6 10890 1 10921 1 10960 1 10997 1 11017 1 11268 9 11365 1 11449 2 11636 1 11676 1 11804 1 11836 1 11883 1 12184 2 12324 1 12350 3 12660 3 12720 4 13013 1 13070 1 13307 1 13367 1 13450 1 13453 1 13561 1 13775 1 13808 1 14128 1 14197 11 14414 1 14438 1 14782 4 14873 1 15180 2 15317 1 15327 1 15351 1 15495 1 15662 1 15702 1 15714 1 16007 1 16088 1 16184 1 16261 1 16288 3 16612 1 17037 1 17254 2 17274 1 17291 3 17490 1 17609 1 17664 1 17676 1 17707 3 17801 1 17894 1 17986 2 18031 1 18095 1 18153 7 18176 3 18213 1 18435 4 18552 1 18887 1 18898 6 19034 1 19049 4 19111 1 19129 1 19164 3 19197 1 19262 4 19569 1 19602 2 19636 1 19646 1 19966 1 19976 2 19995 2 20064 1 20190 1 
51 1 88 1 164 3 183 2 351 1 369 2 412 5 425 1 555 2 667 3 808 5 841 1 845 1 860 1 872 3 1046 1 1092 3 1158 1 1298 1 1310 1 1394 1 1534 1 1593 2 1686 2 2020 1 2039 1 2060 1 2208 1 2221 1 2542 2 2589 1 2625 1 2863 3 2928 1 3011 11 3059 2 3263 2 3373 3 3380 1 3429 1 3486 1 3488 2 3533 1 3624 1 3853 1 3882 1 4176 1 4178 2 4232 1 4263 4 4343 2 4411 1 4472 2 4503 1 4509 1 4566 1 4774 1 4800 11 4975 2 4999 1 5020 1 5027 1 5047 1 5154 2 5172 4 5180 1 5373 1 5435 1 5508 1 5631 1 5677 2 5702 1 5742 3 5870 1 5913 1 6140 1 6143 1 6242 1 6287 1 6299 3 6351 1 6546 1 6605 1 6647 1 6679 1 6830 1 6914 3 6915 3 7072 1 7170 2 7212 1 7230 1 7401 1 7500 1 7520 1 7736 1 7779 3 7794 1 7806 1 7811 1 7927 1 8027 4 8034 2 8173 1 8176 2 8229 5 8241 2 8343 2 8365 1 8478 2 8501 1 8513 12 8544 1 8564 2 8587 1 8753 2 8966 1 9230 1 9410 4 9432 1 9438 1 9529 1 9595 1 9608 1 9705 1 9712 1 9764 2 9890 1 10094 7 10141 4 10199 1 10207 3 10318 2 10381 1 10459 1 10593 1 10607 1 10675 1 10699 1 10700 1 10718 1 10890 1 10948 1 10960 2 10965 1 10997 1 11150 2 11265 2 11268 14 11395 1 11396 1 11449 2 11450 3 11508 1 11522 1 11543 1 11905 1 12000 2 12110 25 12349 2 12553 2 12598 3 12644 1 12660 3 12678 2 12680 1 12720 7 12768 1 12842 8 12914 2 12965 1 12968 1 13027 1 13070 2 13411 2 13433 1 13450 1 13453 1 13485 3 13669 1 13737 1 13775 1 13928 2 13995 1 14159 1 14197 10 14364 1 14414 3 14437 3 14471 1 14522 1 14725 4 14782 6 14813 1 14847 2 14868 2 14985 1 15058 1 15100 1 15328 1 15351 1 15610 3 15886 1 15912 1 15996 1 16023 1 16088 1 16261 1 16656 1 16673 3 16675 1 16772 2 16855 1 16875 2 16968 1 17017 1 17058 1 17111 2 17143 3 17254 1 17291 1 17299 1 17409 2 17516 1 17609 1 17630 1 17676 1 17986 2 18031 1 18483 1 18564 1 18806 1 18808 1 18890 1 19034 1 19049 2 19073 1 19111 3 19119 1 19164 3 19585 1 19602 2 19636 1 19646 1 19722 2 19775 1 19845 1 19953 1 19976 1 19995 2 20125 1 20137 2 20190 1 
