16 2817 1149
6 1 20 1 128 1 243 1 311 1 358 1 439 1 520 1 673 1 730 1 798 1 890 1 1074 1 1151 1 1284 1 1580 1 1592 1 1676 1 1809 1 2209 1 2255 1 2487 1 2606 1 2625 1 
515 1 1418 1 1966 1 
5 1 14 1 27 1 40 2 54 1 55 1 59 1 61 1 71 1 81 1 85 1 114 1 120 1 126 1 130 1 131 1 138 1 150 1 154 1 159 1 169 2 177 1 188 1 189 1 211 1 222 1 226 1 228 1 233 1 237 1 257 1 261 1 270 1 277 1 278 1 294 1 295 1 308 1 309 1 315 1 316 1 318 1 329 1 339 1 347 1 366 1 368 1 374 1 380 1 387 1 389 1 395 1 399 1 406 1 407 1 408 1 425 1 427 1 432 1 444 1 451 1 452 1 468 1 478 1 483 1 484 1 485 1 494 1 495 1 512 1 528 1 555 1 575 1 584 1 590 1 591 1 610 1 611 1 615 1 619 1 620 1 628 1 635 1 641 1 649 1 663 1 667 1 674 1 685 1 689 1 696 1 698 1 703 1 718 1 725 1 733 1 735 1 737 1 742 1 753 1 757 1 761 1 762 1 777 1 782 1 787 1 800 1 806 1 820 1 841 1 842 1 851 1 862 1 872 1 880 1 886 1 889 1 893 1 894 1 896 1 897 1 898 1 900 1 913 1 919 1 920 1 924 1 933 1 938 1 940 1 945 1 954 1 955 1 962 1 973 1 985 1 1001 1 1002 1 1004 1 1015 1 1035 1 1036 1 1045 1 1049 1 1050 1 1052 1 1061 1 1069 1 1102 1 1104 2 1105 1 1115 1 1116 1 1130 1 1136 1 1137 1 1157 1 1163 2 1187 1 1191 1 1200 1 1203 1 1210 1 1218 1 1223 1 1235 1 1238 1 1239 1 1257 1 1258 1 1265 1 1277 1 1278 1 1280 1 1297 1 1310 1 1316 1 1329 1 1338 1 1350 1 1352 1 1362 1 1366 1 1371 1 1372 1 1391 1 1392 1 1397 1 1401 3 1405 1 1412 1 1449 1 1470 1 1472 1 1486 1 1489 1 1492 1 1499 1 1502 1 1522 2 1529 1 1542 1 1554 1 1564 1 1565 1 1567 1 1568 1 1573 1 1575 1 1579 1 1581 1 1589 1 1593 1 1604 1 1610 1 1620 1 1626 1 1638 1 1640 1 1644 1 1651 1 1658 1 1668 1 1673 1 1683 1 1685 3 1695 1 1697 1 1700 1 1703 1 1708 1 1727 1 1728 1 1729 1 1732 1 1735 1 1736 1 1748 1 1761 1 1763 1 1773 1 1779 1 1788 1 1794 1 1795 1 1800 1 1806 1 1810 1 1818 1 1829 1 1851 1 1855 1 1865 1 1868 1 1871 1 1875 1 1878 1 1879 1 1881 1 1883 1 1888 1 1900 1 1901 1 1912 1 1918 1 1920 1 1921 1 1927 1 1931 1 1942 1 1943 2 1951 1 1959 1 1960 1 1962 1 1969 1 1973 1 1982 1 2000 1 2002 1 2009 1 2012 1 2018 1 2027 1 2038 1 2042 1 2045 1 2063 1 2064 1 2066 1 2077 1 2079 1 2082 1 2090 1 2099 1 2100 1 2111 1 2112 1 2121 1 2122 1 2125 1 2133 1 2140 1 2146 1 2152 1 2154 1 2160 1 2162 1 2165 1 2178 1 2190 1 2204 1 2216 1 2219 1 2220 1 2224 1 2226 1 2232 1 2233 1 2242 1 2250 1 2252 1 2259 1 2263 2 2265 1 2274 1 2275 1 2279 1 2290 1 2292 1 2307 1 2313 1 2314 1 2320 1 2325 1 2330 1 2332 1 2344 1 2346 1 2358 1 2367 1 2375 2 2377 1 2381 1 2382 1 2387 1 2390 1 2394 2 2398 1 2406 1 2419 1 2425 1 2437 1 2442 1 2445 1 2447 1 2465 1 2468 1 2481 1 2496 1 2509 1 2513 1 2514 1 2515 1 2531 1 2539 1 2549 1 2550 1 2551 1 2552 1 2565 1 2568 1 2581 1 2584 1 2586 1 2598 1 2605 1 2619 1 2622 1 2644 1 2654 1 2663 1 2665 1 2671 1 2687 1 2696 1 2700 1 2702 1 2726 1 2729 1 2731 1 2734 1 2735 1 2736 1 2738 1 2762 1 2772 1 2791 1 2794 1 2798 1 2800 1 2807 1 2813 1 
35 1 48 1 113 1 208 1 225 1 255 1 267 1 276 1 317 1 463 1 556 1 582 1 659 1 693 1 764 1 766 1 906 1 946 1 1095 1 1110 1 1127 1 1164 1 1185 1 1308 1 1376 1 1404 1 1471 1 1553 1 1590 1 1678 1 1713 1 1833 1 1944 1 2059 1 2068 1 2151 1 2170 1 2199 1 2218 1 2280 1 2308 1 2343 1 2348 1 2440 1 2446 1 2520 1 2533 1 2558 1 2572 1 2583 1 2704 1 2725 1 2743 1 2801 1 
22 1 49 1 77 1 82 1 101 1 112 1 117 1 175 1 181 1 205 1 218 1 238 1 241 1 258 1 290 1 306 1 392 1 421 1 438 1 462 1 471 1 516 1 531 1 537 1 554 1 587 1 606 1 632 1 684 1 719 1 830 1 835 1 839 1 853 1 884 1 949 1 958 1 972 1 987 1 1071 1 1082 1 1092 1 1093 1 1166 1 1169 1 1176 1 1202 1 1207 1 1208 1 1221 1 1268 1 1313 1 1357 1 1358 1 1359 1 1385 1 1415 1 1451 1 1482 1 1503 1 1545 1 1599 1 1627 1 1633 1 1652 1 1664 1 1691 1 1707 1 1715 1 1750 1 1772 1 1838 1 1848 1 1856 1 1858 1 1872 1 1904 1 1992 1 1994 1 2004 1 2052 1 2089 1 2158 1 2286 1 2305 1 2337 1 2455 1 2464 1 2479 1 2480 1 2495 1 2576 1 2623 1 2688 1 2689 1 2691 1 2698 1 2730 1 2779 1 2786 1 
21 1 66 1 205 1 348 1 433 1 446 1 499 1 506 1 559 1 572 1 665 1 720 1 740 1 855 1 963 1 1117 1 1303 1 1315 1 1322 1 1373 1 1384 1 1460 1 1480 1 1557 1 1636 1 1830 1 1873 1 1945 1 1965 1 2007 1 2110 1 2281 1 2318 1 2393 1 2405 1 2529 1 2655 1 2703 1 2720 1 
29 1 32 1 142 1 164 1 246 1 272 1 342 1 357 1 607 1 648 1 796 1 833 1 867 1 932 1 959 1 979 1 1196 1 1216 1 1229 1 1231 1 1330 1 1365 1 1399 1 1437 1 1438 1 1551 1 1719 1 1799 1 1823 1 1866 1 1897 1 1963 1 2020 1 2043 1 2075 1 2095 1 2176 1 2214 1 2298 1 2328 1 2393 1 2494 1 2601 1 2616 1 2703 1 2751 1 
179 1 474 1 670 1 727 1 860 1 953 1 978 1 1091 1 1182 1 1526 1 1577 1 1624 1 1765 1 1796 1 2078 1 2153 1 2161 1 2192 1 2201 1 2203 1 2254 1 2415 1 
7 1 24 1 67 1 86 1 91 1 107 1 108 1 144 1 158 1 180 1 196 1 203 1 216 1 234 1 247 1 292 1 304 1 324 1 332 1 340 1 370 1 416 1 429 1 503 1 517 1 518 1 540 1 557 1 570 1 583 1 626 1 682 1 688 1 726 1 731 1 744 1 749 1 751 1 769 1 789 1 810 1 823 1 828 1 832 1 868 1 905 1 965 1 967 1 971 1 994 1 1011 1 1032 1 1042 1 1044 1 1046 1 1068 1 1078 1 1094 1 1126 1 1138 1 1161 1 1162 1 1183 1 1194 1 1232 1 1237 1 1247 1 1299 1 1317 1 1325 1 1335 1 1349 1 1354 1 1364 1 1367 1 1374 1 1383 1 1408 1 1414 1 1433 1 1436 1 1459 1 1483 1 1487 1 1536 1 1540 1 1556 1 1562 1 1595 1 1615 1 1634 1 1635 1 1656 1 1666 1 1686 1 1752 1 1798 1 1836 1 1850 1 1893 1 1925 1 1939 1 1947 1 1958 1 1979 1 1981 1 2001 1 2035 1 2062 1 2103 1 2108 1 2130 1 2144 1 2157 1 2168 1 2184 1 2228 1 2247 1 2260 1 2269 1 2278 1 2304 1 2312 1 2359 1 2368 1 2397 1 2413 1 2431 1 2449 1 2507 1 2570 1 2580 1 2610 1 2611 1 2633 1 2635 1 2642 1 2652 1 2673 1 2713 2 2721 1 2739 1 2741 1 2746 1 2787 1 2806 1 
409 1 1835 1 
198 1 646 1 656 1 756 1 1073 1 2051 1 2191 1 2508 1 
163 1 167 1 205 1 214 1 250 1 264 1 307 1 319 1 334 1 365 1 372 1 450 1 508 1 563 1 692 1 711 1 732 1 858 1 877 1 981 1 992 1 998 1 1013 1 1017 1 1139 1 1144 1 1159 1 1189 1 1192 1 1255 1 1263 1 1275 1 1320 1 1342 1 1351 1 1370 1 1411 1 1453 1 1490 1 1548 1 1629 1 1675 1 1712 1 1716 1 1832 1 1847 1 2096 1 2138 1 2153 1 2230 1 2239 1 2244 1 2276 1 2284 1 2297 1 2315 1 2420 1 2441 1 2461 1 2564 1 2588 1 2593 1 2599 1 2727 1 2728 1 2750 1 2766 1 2789 1 2815 1 
52 1 62 1 93 1 155 1 210 1 239 1 440 1 447 1 532 1 642 1 645 1 704 1 746 1 790 1 857 1 879 1 935 1 983 1 986 1 1070 1 1180 1 1206 1 1413 1 1441 1 1609 1 1611 1 1646 1 1704 1 1790 1 1808 1 1876 1 1956 1 2117 1 2123 1 2124 1 2163 1 2366 1 2371 1 2433 1 2443 1 2500 1 2554 1 2563 1 2638 1 2790 1 
46 1 68 1 109 1 124 1 172 1 182 1 197 1 201 1 206 1 213 1 229 1 230 1 240 1 312 1 388 1 398 1 443 1 482 1 526 1 549 1 552 1 616 1 734 1 758 1 786 1 792 1 793 1 795 1 885 1 927 1 999 1 1016 1 1034 1 1037 1 1055 1 1088 1 1098 1 1100 1 1147 1 1150 1 1173 1 1179 1 1188 1 1213 1 1233 1 1302 1 1402 1 1446 1 1458 1 1469 1 1496 1 1519 1 1524 1 1552 1 1571 1 1587 1 1597 1 1630 1 1657 1 1669 1 1812 1 1826 1 1933 1 1970 1 1976 1 1986 1 2029 1 2060 1 2116 1 2120 1 2137 1 2145 1 2167 1 2173 1 2200 1 2229 1 2264 1 2293 1 2300 1 2350 1 2364 1 2389 1 2391 1 2403 1 2417 1 2448 1 2453 1 2474 1 2477 1 2485 1 2497 1 2519 1 2524 1 2542 1 2656 1 2661 1 2690 1 2758 1 
84 1 156 1 187 1 723 1 825 1 1085 1 1523 1 1570 1 2039 1 2057 1 2715 1 2788 1 
10 1 19 1 58 1 72 1 87 1 89 1 118 1 127 1 248 1 284 1 302 1 320 1 363 1 394 1 434 1 454 1 456 1 458 1 469 1 525 1 577 1 643 1 660 1 671 1 700 1 743 1 781 1 817 1 1018 1 1158 1 1226 1 1230 1 1288 1 1420 1 1442 1 1444 1 1510 1 1514 1 1528 1 1543 1 1546 1 1671 1 1680 1 1682 1 1692 1 1747 1 1780 1 1811 1 1846 1 1861 1 1869 1 1923 1 1932 1 1950 1 2008 1 2070 1 2115 1 2156 1 2186 1 2215 1 2222 1 2231 1 2249 1 2267 1 2309 1 2360 1 2434 1 2462 1 2491 1 2567 1 2620 1 2624 1 2649 1 2658 1 2749 1 2757 1 2793 1 2817 1 
